Q9W2U7	46.7228660918	21.2376664054	42.4753328108	31.8564996081	50.9703993729	76.4555990594	41.4134494905	CG17255_isoform_A
E1JHA4	156.516467784	89.4379815909	156.516467784	122.977224688	201.23545858	223.594953977	162.106341634	Heterogeneous_nuclear_ribonucleoprotein_at_27C_isoform_D
P48809	156.516467784	89.4379815909	156.516467784	122.977224688	201.23545858	223.594953977	162.106341634	Heterogeneous_nuclear_ribonucleoprotein_27C
Q8IGP5	129.658969588	81.0368559922	129.658969588	105.34791279	81.0368559922	129.658969588	93.1923843911	CG1832_isoform_B
Q9V9N4	130.851334148	81.7820838428	130.851334148	106.316708996	81.7820838428	130.851334148	94.0493964192	CG1832_isoform_A
A8DZ29	0.0	0.0	0.0	0.0	33.1792325127	33.1792325127	16.5896162564	Eukaryotic_translation_initiation_factor_4G_isoform_B
O61380	0.0	0.0	0.0	0.0	38.0826501224	38.0826501224	19.0413250612	Eukaryotic_translation_initiation_factor_4G_isoform_A
P29844	96.9550049371	27.701429982	83.1042899461	55.4028599641	41.552144973	110.805719928	48.4775024685	Heat_shock_70_kDa_protein_cognate_3
Q26365	117.045439824	29.2613599559	87.7840798677	58.5227199118	117.045439824	175.568159735	87.7840798677	ADPATP_carrier_protein
Q26365-2	121.691059868	30.4227649671	91.2682949012	60.8455299341	121.691059868	182.536589802	91.2682949012	Isoform_A_of_ADPATP_carrier_protein
A1Z6H7	9.54001942283	0.0	9.54001942283	4.77000971141	19.0800388457	23.8500485571	11.9250242785	Gp210
A4V3Q6	59.2739389054	59.2739389054	19.7579796351	39.5159592703	39.5159592703	59.2739389054	39.5159592703	Elongation_factor_1-alpha
E1JJD4	10.0254430541	0.0	10.0254430541	5.01272152706	15.0381645812	15.0381645812	10.0254430541	CG4857_isoform_D
E1JJD6	11.5210089078	0.0	11.5210089078	5.76050445388	17.2815133616	17.2815133616	11.5210089078	CG4857_isoform_E
E1JJD7	11.5210089078	0.0	11.5210089078	5.76050445388	17.2815133616	17.2815133616	11.5210089078	CG4857_isoform_F
P05303	59.2739389054	59.2739389054	19.7579796351	39.5159592703	39.5159592703	59.2739389054	39.5159592703	Elongation_factor_1-alpha_2
P08736	59.692701127	59.692701127	19.8975670423	39.7951340846	39.7951340846	59.692701127	39.7951340846	Elongation_factor_1-alpha_1
Q9W4M7	10.0254430541	0.0	10.0254430541	5.01272152706	15.0381645812	15.0381645812	10.0254430541	CG4857_isoform_B
Q86NP2	14.8314249913	0.0	14.8314249913	7.41571249564	14.8314249913	29.6628499826	11.1235687435	Negative_elongation_factor_A
Q8SWR8	0.0	0.0	0.0	0.0	25.5345147984	25.5345147984	12.7672573992	Ataxin-2_homolog
Q8SWR8-2	0.0	0.0	0.0	0.0	31.0564578788	31.0564578788	15.5282289394	Isoform_A_of_Ataxin-2_homolog
Q8SWR8-3	0.0	0.0	0.0	0.0	26.9488370908	26.9488370908	13.4744185454	Isoform_C_of_Ataxin-2_homolog
Q9VUQ5	0.0	0.0	0.0	0.0	21.9383017168	21.9383017168	10.9691508584	Protein_argonaute-2
Q9VUQ5-2	0.0	0.0	0.0	0.0	21.879721785	21.879721785	10.9398608925	Isoform_C_of_Protein_argonaute-2
A4V1F9	0.0	0.0	0.0	0.0	23.329535353	23.329535353	11.6647676765	Ubiquitin-63E_isoform_C
E1JH02	0.0	0.0	0.0	0.0	14.8739667793	14.8739667793	7.43698338965	Lingerer_isoform_E
E1JIF4	7.1991377925	7.1991377925	7.1991377925	7.1991377925	7.1991377925	7.1991377925	7.1991377925	Pif1A_isoform_C
P0CG69	0.0	0.0	0.0	0.0	23.329535353	23.329535353	11.6647676765	Polyubiquitin
P11147	0.0	0.0	0.0	0.0	28.1415224053	28.1415224053	14.0707612027	Heat_shock_70_kDa_protein_cognate_4
P21187	57.2544291434	0.0	57.2544291434	28.6272145717	0.0	57.2544291434	14.3136072858	Polyadenylate-binding_protein
Q5D862	0.0	0.0	0.0	0.0	8.06745025093	8.06745025093	4.03372512546	Tax_Id=9606_Gene_Symbol=FLG2 Filaggrin-2
Q86S05	0.0	0.0	0.0	0.0	14.3482844104	14.3482844104	7.17414220522	Protein_lingerer
Q86S05-2	0.0	0.0	0.0	0.0	14.7334259912	14.7334259912	7.36671299562	Isoform_A_of_Protein_lingerer
Q86S05-3	0.0	0.0	0.0	0.0	14.8739667793	14.8739667793	7.43698338965	Isoform_B_of_Protein_lingerer
Q86YZ3	0.0	0.0	0.0	0.0	7.08693073049	7.08693073049	3.54346536525	Tax_Id=9606_Gene_Symbol=HRNR Hornerin
Q8IQV5	23.9686273467	0.0	23.9686273467	11.9843136733	11.9843136733	35.95294102	11.9843136733	CG17233_isoform_D
Q8IQV6	15.3504377483	0.0	15.3504377483	7.67521887416	7.67521887416	23.0256566225	7.67521887416	CG17233_isoform_A
Q9VHL3	14.1642875455	14.1642875455	14.1642875455	14.1642875455	14.1642875455	14.1642875455	14.1642875455	Pif1A_isoform_D
Q9VWA0	12.3343734612	0.0	12.3343734612	6.16718673058	6.16718673058	18.5015601917	6.16718673058	CG17233_isoform_C
Q9W418	0.0	0.0	0.0	0.0	33.3470260835	33.3470260835	16.6735130418	GH17761p
Q9VEN9	9.24785056449	0.0	9.24785056449	4.62392528225	9.24785056449	9.24785056449	6.93588792337	Protein_associated_with_topo_II_related-1
Q9VMM3	57.7058920921	0.0	57.7058920921	28.8529460461	0.0	57.7058920921	14.426473023	CG7239
A4V364	0.0	0.0	0.0	0.0	16.8499884213	16.8499884213	8.42499421067	CG17838_isoform_F
A8JR54	0.0	0.0	0.0	0.0	16.6676358425	16.6676358425	8.33381792123	CG17838_isoform_H
B7YZW3	0.0	0.0	0.0	0.0	4.48339804827	4.48339804827	2.24169902413	CG42389_isoform_E
P52172	14.9188265295	0.0	14.9188265295	7.45941326473	0.0	14.9188265295	3.72970663237	Box_A-binding_factor
P52172-2	14.9606868442	0.0	14.9606868442	7.4803434221	0.0	14.9606868442	3.74017171105	Isoform_2_of_Box_A-binding_factor
P84040	176.112356175	0.0	176.112356175	88.0561780875	0.0	176.112356175	44.0280890438	Histone_H4
Q7KSA0	0.0	0.0	0.0	0.0	12.9052290227	12.9052290227	6.45261451135	CG17838_isoform_B
Q8IN47	0.0	0.0	0.0	0.0	15.8252759189	15.8252759189	7.91263795945	CG17838_isoform_A
Q8IN48	0.0	0.0	0.0	0.0	15.6721457496	15.6721457496	7.8360728748	CG17838_isoform_E
Q9VDI8	0.0	0.0	0.0	0.0	13.0127561546	13.0127561546	6.50637807731	CG17838_isoform_D
Q9VEX6	29.2824487528	0.0	29.2824487528	14.6412243764	0.0	29.2824487528	7.32061218821	AAA_family_protein_Bor
Q9VJJ8	0.0	0.0	0.0	0.0	6.52847644972	6.52847644972	3.26423822486	CG42389_isoform_G
Q9VJJ9	0.0	0.0	0.0	0.0	5.27044300675	5.27044300675	2.63522150337	CG42389_isoform_F
Q9W0A8	0.0	0.0	0.0	0.0	33.9822665221	33.9822665221	16.991133261	FI01658p
Q9W0Q1	0.0	0.0	0.0	0.0	6.88111282234	6.88111282234	3.44055641117	Homeodomain_interacting_protein_kinase_isoform_A
A1ZAB5	6.2214744986	0.0	6.2214744986	3.1107372493	0.0	6.2214744986	1.55536862465	Protein_clueless
A1ZAS3	15.8844770376	0.0	15.8844770376	7.94223851878	0.0	15.8844770376	3.97111925939	Uridine_kinase
P02283	73.1555234591	0.0	73.1555234591	36.5777617295	0.0	73.1555234591	18.2888808648	Histone_H2B
P08985	66.8706415605	66.8706415605	0.0	33.4353207802	0.0	66.8706415605	16.7176603901	Histone_H2A.v
P25822	6.35276608841	0.0	6.35276608841	3.1763830442	0.0	6.35276608841	1.5881915221	Maternal_protein_pumilio
P25822-2	8.10208346388	0.0	8.10208346388	4.05104173194	0.0	8.10208346388	2.02552086597	Isoform_B_of_Maternal_protein_pumilio
P25822-3	10.23802739	0.0	10.23802739	5.11901369498	0.0	10.23802739	2.55950684749	Isoform_E_of_Maternal_protein_pumilio
P29413	21.3852580538	21.3852580538	0.0	10.6926290269	0.0	21.3852580538	5.34631451345	Calreticulin
P84051	74.9821870067	74.9821870067	0.0	37.4910935034	0.0	74.9821870067	18.7455467517	Histone_H2A
Q24572	20.5818508712	0.0	20.5818508712	10.2909254356	0.0	20.5818508712	5.14546271779	Probable_histone-binding_protein_Caf1
Q4AB57	74.9766549875	74.9766549875	0.0	37.4883274938	0.0	74.9766549875	18.7441637469	Histone_H2A
Q8MQK4	14.2981573184	0.0	14.2981573184	7.1490786592	0.0	14.2981573184	3.5745393296	Uridine_kinase
Q94920	32.7724363837	32.7724363837	0.0	16.3862181919	0.0	32.7724363837	8.19310909593	Voltage-dependent_anion-selective_channel
Q9VUH6	4.99536754541	0.0	4.99536754541	2.4976837727	0.0	4.99536754541	1.24884188635	Myopic
Q9VVI9	39.8130251028	0.0	39.8130251028	19.9065125514	0.0	39.8130251028	9.95325627571	Charged_multivesicular_body_protein_5
