1	R.QVLDNLTMEK.S	0.0000000100.0	6	55.910	3.6e-005	603.81	0.1	2	8/18	8279
2	R.TLLEGEESR.M	NA	9	37.240	0.0034	517.26	0.5	2	6/16	7695
3	K.IRLENEIQTYR.S	NA	1	9.770	1.8	478.93	2.7	3	7/20	11059
4	R.IAFSPYGNITSAK.V	NA	2	24.710	0.048	684.86	1.0	2	7/24	10227
5	R.VLDELTLAR.A	NA	6	33.570	0.007	515.30	1.1	2	6/16	10377
6	R.TSFTSVSR.S	NA	2	9.620	1.1	442.73	6.2	2	3/14	4390
7	K.SISISVAR.G	NA	7	26.780	0.027	416.75	4.1	2	5/14	9281
8	K.VDPEIQNVK.A	NA	1	42.390	0.0006	521.28	0.5	2	6/16	4578
9	K.AQASLPTNTFAITGHGENK.T	NA	4	84.600	4.7e-008	653.00	4.1	3	11/36	10843
11	K.CINCGSSMLQQSK.R	0.0000000100000.0	6	27.960	0.0053	764.83	1.1	2	7/24	7122
12	R.YIYEIAR.R	NA	4	30.220	0.0067	464.25	0.3	2	5/12	5775
13	K.DAEAWFNEK.S	NA	1	18.670	0.093	555.25	2.6	2	4/16	9917
14	R.ISIGGGSCAISGGYGSR.A	NA	2	42.480	0.00045	799.88	4.0	2	9/32	8782
15	R.KVPQVSTPTLVEVSR.S	NA	13	66.920	1.1e-006	547.32	2.6	3	15/28	3543
16	K.LLEGEIEK.V	NA	3	23.090	0.079	465.76	0.8	2	5/14	8366
17	R.GQTGGDVNVEMDAAPGVDLSR.I	0.000000000010000000000.0	5	60.970	6.6e-006	701.99	1.6	3	10/40	7300
19	K.TLTTDPMPTQILR.R	0.0000001000000.0	5	30.770	0.011	751.90	2.9	2	5/24	9912
20	R.SGVGNVFIK.N	NA	1	5.250	4.3	460.76	1.2	2	4/16	10397
21	R.QPVGTGSAGGSGSGGSGR.S	NA	1	14.010	0.32	738.35	6.4	2	3/34	3027
23	K.IETSPSTQR.V	NA	1	12.230	0.86	509.76	3.5	2	4/16	3266
24	K.QISNLQQSISDAEQR.G	NA	2	35.500	0.0035	858.93	0.9	2	8/28	9132
26	K.LVVSTQTALA.-	NA	2	6.290	3.1	501.80	0.2	2	4/18	6582
27	K.TSHMQGGNNVLGGGSINPIGGVK.N	0.00010000000000000000000.0	1	2.310	6.8	737.37	0.6	3	3/44	10908
28	R.ISISTSGGSFR.N	NA	1	15.730	0.2	556.29	1.4	2	6/20	9284
29	R.TIITQSNTAAAASQQQPR.Q	NA	1	6.310	3.4	629.33	1.5	3	4/34	6318
30	R.SLLEGEGSSGGGGR.G	NA	4	57.230	2.1e-005	631.80	0.2	2	8/26	7334
31	K.CCAADDKEACFAVEGPK.L	NA	1	34.440	0.00047	643.27	1.3	3	6/32	10178
32	R.TTPSYVAFTDTER.L	NA	2	37.650	0.0013	744.35	2.2	2	8/24	9901
33	K.LKHLVDEPQNLIK.Q	NA	1	0.210	6.7	516.30	6.3	3	4/24	11866
34	K.STELLIR.K	NA	1	43.950	0.00066	416.25	3.7	2	5/12	10310
35	R.FFGSQVATQMR.N	0.00000000010.0	2	20.650	0.052	644.31	2.6	2	6/20	9985
36	K.IGGIGTVPVGR.V	NA	2	29.240	0.0078	513.31	4.1	2	7/20	10081
37	K.DDPHACYSTVFDK.L	NA	1	9.960	0.18	518.89	0.5	3	6/24	5626
38	R.VLDELTLTK.A	NA	4	55.470	3.6e-005	516.30	3.8	2	8/16	10258
39	K.TVNTVTILGR.V	NA	1	23.610	0.053	537.32	0.7	2	4/18	10255
41	K.SITGTAAPPLTLTAK.K	NA	1	21.990	0.064	721.42	1.0	2	6/28	10134
42	R.VLDELTLAR.T	NA	3	33.570	0.007	515.30	1.1	2	6/16	10377
43	R.ATGVSPSTSAGTTTTLLTPQQLR.Q	NA	1	4.850	4	763.41	2.7	3	3/44	9955
44	R.NFEVESLK.D	NA	3	23.190	0.058	483.25	1.7	2	4/14	6270
45	K.QEIPDMEDEAQQEVIIGGL.-	NA	2	26.210	0.027	1057.50	1.4	2	5/36	10297
46	R.LAADDFR.L	NA	16	45.930	0.00044	404.20	0.1	2	5/12	8802
47	K.GGSISGGGYGSGGGK.H	NA	1	3.980	3.6	599.28	0.5	2	3/28	3559
48	K.VPQVSTPTLVEVSR.N	NA	2	26.190	0.021	756.43	6.6	2	5/26	9888
50	R.MTLDDFR.I	0.1000000.0	1	5.210	1.1	457.21	4.7	2	3/12	5317
51	R.FSSSSGYGGGSSR.V	NA	2	31.000	0.0013	618.27	0.1	2	6/24	3812
52	R.QQQQQQQQLPR.L	NA	1	16.790	0.29	705.37	5.9	2	4/20	3757
53	K.SDGIVGLYR.G	NA	1	18.770	0.27	490.26	5.8	2	5/16	10295
54	K.GMVDCFIR.I	NA	1	17.370	0.071	499.23	6.7	2	5/14	10677
55	R.FKDLGEEHFK.G	NA	1	40.340	0.0014	417.21	0.6	3	8/18	11499
56	R.LEQEIATYR.R	NA	4	17.440	0.35	561.80	4.8	2	5/16	7740
57	K.LLEGEECR.L	NA	4	28.520	0.012	503.24	0.2	2	6/14	4273
58	R.FFGSQVATQMR.N	NA	1	18.480	0.15	636.31	2.0	2	8/20	10358
59	K.VPQVSTPTLVEVSR.S	NA	2	26.190	0.021	756.43	6.6	2	5/26	9888
60	K.NMQDMVEDYR.N	0.0000100000.0	1	38.940	0.00013	658.77	1.1	2	6/18	7205
61	K.LLEGEECR.M	NA	2	28.520	0.012	503.24	0.2	2	6/14	4273
64	R.LCVLHEK.T	NA	1	18.390	0.11	449.74	0.7	2	4/12	4593
65	R.LAADDFR.T	NA	24	45.930	0.00044	404.20	0.1	2	5/12	8802
66	K.YLYEIAR.R	NA	8	30.220	0.0067	464.25	0.3	2	5/12	5775
67	R.AETECQNTEYQQLLDIK.I	NA	2	32.470	0.0047	694.99	2.4	3	8/32	10319
68	K.DAEEWFFTK.T	NA	1	11.850	0.4	586.77	5.9	2	6/16	10996
69	R.FSVVVPLNMSR.S	NA	1	16.110	0.31	624.84	3.0	2	4/20	11003
70	K.AEFVEVTK.L	NA	1	23.100	0.045	461.75	0.1	2	6/14	5035
71	K.WELLQQVDTSTR.T	NA	1	55.620	4.4e-005	738.38	0.8	2	7/22	10814
72	K.SPLSADMSLGLAK.Q	0.0000001000000.0	1	0.510	15	653.34	0.8	2	4/24	9902
73	K.YICDNQDTISSK.L	NA	2	36.310	0.00088	722.32	3.5	2	6/22	6160
74	R.LKYENEVALR.Q	NA	1	25.140	0.042	412.23	0.1	3	5/18	10911
75	K.QEGTGAFFK.G	NA	1	24.410	0.021	492.74	0.1	2	7/16	10166
76	K.TSGSSSVVMTPLR.Q	NA	1	56.260	3.9e-005	661.34	4.0	2	11/24	9677
77	R.QSVEADINGLR.R	NA	6	32.650	0.0072	601.31	3.7	2	8/20	9339
79	K.CCTESLVNR.R	NA	4	39.930	0.00052	569.75	0.6	2	8/16	4409
80	K.YNGVFQECCQAEDK.G	NA	2	6.030	0.26	874.36	4.4	2	5/26	8041
81	K.VHKECCHGDLLECADDRADLAK.Y	NA	3	12.880	0.22	523.24	0.8	5	5/42	12415
82	R.EVFTSSSSSSSR.Q	NA	1	48.030	4.7e-005	630.79	0.3	2	7/22	3902
83	R.APSTYGGGLSVSSR.F	NA	1	1.800	7	669.84	5.9	2	3/26	7149
84	K.LQEPLLLLGK.E	NA	1	21.480	0.0071	562.36	0.2	2	4/18	11377
85	R.FSVVVPLNMSR.S	0.00000000100.0	1	9.130	2	632.84	1.3	2	3/20	10336
86	K.TVMENFVAFVDK.C	0.001000000000.0	5	50.250	8e-005	708.35	0.3	2	8/22	10941
87	R.FLEQQNQVLQTK.W	NA	45	71.680	1e-006	738.40	0.1	2	10/22	8504
88	K.QTALVELLK.H	NA	3	38.490	0.0011	507.81	0.1	2	7/16	11032
89	R.ALEESNYELEGK.I	NA	3	68.670	9.6e-007	691.33	0.4	2	9/22	7632
90	K.YLELLR.Q	NA	1	11.830	0.73	403.74	0.1	2	4/10	10992
91	R.LLLPGELAK.H	NA	2	8.660	0.14	477.31	0.3	2	5/16	10987
92	R.VATVSLPR.S	NA	38	52.500	8.5e-005	421.76	0.2	2	6/14	11005
93	R.MTLDDFR.I	NA	3	34.390	0.0024	449.21	0.3	2	5/12	10428
94	K.NMQDMVEDYR.N	NA	1	36.340	0.00044	650.77	0.2	2	8/18	9683
95	R.GASVGGSSGYGR.N	NA	1	5.880	1.9	527.75	1.4	2	3/22	3608
96	R.EQAAAAAVAAQR.A	NA	1	51.770	8.2e-005	578.81	0.7	2	7/22	4154
97	K.EAAAEVLR.N	NA	1	7.530	2.4	429.74	0.1	2	6/14	4528
98	R.RHPEYAVSVLLR.L	NA	40	61.320	5.9e-006	480.61	0.5	3	7/22	12953
99	K.ECCHGDLLECADDRADLAK.Y	NA	2	22.200	0.01	562.74	0.8	4	9/36	11162
100	K.NALISVVGQQPAPVK.H	NA	1	27.930	0.0091	760.94	4.5	2	6/28	10100
101	K.TCVADESHAGCEK.S	NA	3	52.530	1.3e-005	488.53	0.9	3	15/24	3330
102	R.SISGGYVQR.G	NA	1	6.390	2	483.75	0.4	2	3/16	4322
103	K.STMQELNSR.L	NA	3	28.800	0.013	533.25	6.2	2	5/16	6577
104	R.QLDSIVGER.G	NA	2	12.110	1.1	508.77	0.1	2	4/16	9488
105	R.ISSVLAGGSCR.A	NA	6	41.050	0.0014	553.78	0.1	2	8/20	7985
106	K.AQYEEIANR.S	NA	1	21.060	0.08	547.27	3.8	2	5/16	4493
107	R.EVATNSELVQSGK.S	NA	2	38.800	0.0022	681.35	0.2	2	5/24	4492
108	K.CINCGSSMLQQSK.R	NA	10	83.800	1.9e-008	756.84	2.8	2	11/24	6932
109	K.QEIAEINR.M	NA	4	22.700	0.091	486.76	0.1	2	5/14	4496
110	K.TAVAPIER.V	NA	1	49.130	9.6e-005	428.75	0.2	2	7/14	4249
111	R.NIVEAAAVR.D	NA	1	24.530	0.03	471.77	0.5	2	4/16	5091
112	R.QGVDADINGLR.Q	NA	4	77.330	2.1e-007	579.30	1.6	2	9/20	8073
113	R.QVLDNLTMEK.S	NA	3	45.330	0.00046	595.81	0.8	2	8/18	9884
114	R.TAAENEFVTLK.K	NA	3	37.570	0.0029	611.82	0.7	2	8/20	10147
115	R.NLDLDSIIAEVK.A	NA	3	43.430	0.00054	665.37	0.2	2	8/22	11606
116	K.VTMQNLNDR.L	0.001000000.0	3	49.820	0.00015	553.77	0.6	2	7/16	3395
117	R.GQVGGDVNVEMDAAPGVDLSR.I	0.000000000010000000000.0	2	46.460	0.0002	701.33	0.5	3	8/40	7795
118	K.HLVDEPQNLIK.Q	NA	5	28.930	0.014	435.91	1.3	3	9/20	6374
119	K.LKECCDKPLLEK.S	NA	1	32.920	0.0078	511.60	0.7	3	9/22	11327
120	R.TAAENDFVTLK.K	NA	1	34.870	0.0053	604.81	0.3	2	8/20	10016
121	K.SASASSAFDSNSR.Y	NA	1	37.630	0.00038	643.78	2.4	2	6/24	4103
122	K.EYEATLEECCAK.D	NA	5	49.450	1.9e-005	751.81	0.7	2	7/22	6841
124	K.IEISELNR.V	NA	16	52.620	8.5e-005	487.27	0.4	2	7/14	9717
125	R.SLDLDSIIAEVK.A	NA	3	38.940	0.0018	651.86	0.0	2	8/22	11607
127	K.ATEVIYK.N	NA	1	14.740	0.26	412.23	0.6	2	4/12	4254
128	R.AIGGGLSSVGGGSSTIK.Y	NA	3	39.670	0.0014	724.39	2.2	2	8/32	8595
129	R.RHPYFYAPELLYYANK.Y	NA	1	32.510	0.0076	512.01	0.5	4	9/30	12958
130	K.QSLEASLAETEGR.Y	NA	7	103.360	7.6e-010	695.84	0.0	2	11/24	9898
131	R.ALDTMNFDLVR.N	NA	1	49.640	0.00018	647.83	0.5	2	8/20	11023
132	R.YLDGLTAER.T	NA	2	26.810	0.026	519.27	1.4	2	7/16	9935
133	R.AGLQFPVGR.I	NA	1	24.790	0.061	472.77	2.5	2	5/16	10353
134	K.YENEVALR.Q	NA	3	23.380	0.063	497.25	0.8	2	6/14	7866
135	R.LLTQQAVLLQR.K	NA	1	55.380	1.2e-005	641.89	4.3	2	7/20	10303
136	K.LSSPATLNSR.V	NA	9	66.280	4.6e-006	523.29	0.7	2	8/18	6461
137	K.CEICGSAFSQAAHLK.N	NA	3	32.100	0.0055	560.26	0.1	3	7/28	10991
138	K.VEEAVAVLQVHR.V	NA	1	18.670	0.1	450.59	1.4	3	6/22	10867
139	K.SEEIIVPASIK.L	NA	1	8.080	1.9	593.34	0.2	2	4/20	10094
140	K.TLLDIDNTR.M	NA	5	44.830	0.00083	530.79	0.8	2	6/16	10103
141	R.EFTGLGNCLTK.I	NA	1	28.890	0.016	620.31	0.2	2	7/20	10169
142	K.CEICSAAFADR.F	NA	15	88.900	1.4e-009	650.28	0.0	2	8/20	8525
143	R.SGGGGGGGLGSGGSIR.S	NA	4	60.470	8.2e-006	616.80	1.8	2	10/30	6679
144	K.EFNAETFTFHADICTLSEKER.Q	NA	1	25.560	0.022	637.05	0.2	4	6/40	11924
145	R.ALDTMNFDLVR.N	0.00001000000.0	1	44.530	0.0004	655.82	2.8	2	9/20	10302
146	R.RDISQRGR.D	NA	5	22.370	0.12	494.28	3.0	2	4/14	9711
147	K.LFTFHADICTLPDTEK.Q	NA	1	6.220	2.7	636.64	0.5	3	3/30	11622
148	R.ETYGDMADCCEK.Q	0.000001000000.0	1	39.740	0.00011	747.76	1.3	2	6/22	3770
149	K.VTMQNLNDR.L	NA	15	63.590	6.9e-006	545.77	1.5	2	7/16	7268
150	K.ASLENSLEETK.G	NA	2	24.140	0.048	610.80	6.3	2	7/20	7870
151	R.SASPAVVGSGSFR.A	NA	3	48.860	0.00013	611.32	0.8	2	10/24	8325
152	K.SLHTLFGDELCK.V	NA	4	31.220	0.011	473.90	0.4	3	9/22	11673
153	R.LASYLDK.V	NA	12	24.170	0.036	405.23	3.1	2	6/12	4746
154	K.FTALDINR.M	NA	2	47.670	0.00026	475.26	0.5	2	7/14	10063
155	K.LFTNVYVK.N	NA	1	14.200	0.25	492.28	0.8	2	5/14	10477
156	K.FASFIDK.V	NA	14	38.150	0.0017	414.22	0.0	2	6/12	10432
157	R.AAAIVNAIR.E	NA	2	34.200	0.0018	449.78	1.7	2	5/16	9933
158	K.QVFLGGVDK.N	NA	1	19.550	0.19	481.77	0.8	2	5/16	10118
159	K.IIAATIENAQPILQIDNAR.L	NA	1	4.010	2.3	688.72	0.3	3	3/36	10839
160	K.LAMQNLNDR.L	0.001000000.0	5	29.930	0.016	545.77	1.5	2	7/16	7268
161	K.LNDLEDALQQAK.E	NA	1	44.790	0.00059	679.35	1.4	2	8/22	10069
162	K.LKPDPNTLCDEFKADEKK.F	NA	1	1.500	9.5	537.77	0.2	4	3/34	11608
163	R.HPEYAVSVLLR.L	NA	1	44.300	0.00035	428.58	0.4	3	11/20	11765
164	R.TTPSYVAFTESER.L	NA	1	34.780	0.0024	744.35	2.2	2	8/24	9901
165	K.YEELQITAGR.H	NA	5	52.960	7.1e-005	590.30	0.7	2	7/18	8953
166	K.GAFSNILR.G	NA	1	27.070	0.028	439.25	0.5	2	6/14	10859
167	R.QTSSDGMIVHK.Q	NA	1	29.520	0.012	401.53	0.2	3	6/20	4040
168	R.FNPDVFSPGIR.H	NA	1	30.810	0.017	624.82	3.5	2	6/20	10835
169	R.NECFLSHKDDSPDLPK.L	NA	2	29.070	0.0069	634.63	0.6	3	5/30	11279
170	R.SGFSSISVSR.S	NA	1	19.770	0.085	513.77	1.9	2	6/18	9169
171	K.YGEIESINVK.T	NA	6	35.510	0.0041	576.30	1.3	2	6/18	9396
172	K.LGEYGFQNALIVR.Y	NA	3	56.220	3e-005	740.40	0.3	2	9/24	3547
173	K.GSCGIGGGIGGGSSR.I	NA	2	2.210	3.8	639.80	0.3	2	2/28	4462
174	R.RPCFSALTPDETYVPK.A	NA	1	4.310	5	627.64	0.6	3	4/30	11107
176	K.LKPDPNTLCDEFK.A	NA	1	27.630	0.027	526.26	0.3	3	5/24	10906
177	K.SLNNQFASFIDK.V	NA	2	30.220	0.012	692.35	0.9	2	7/22	10846
178	R.TNAENEFVTIKK.D	NA	3	69.370	1.4e-006	465.25	0.1	3	8/22	10504
179	K.DFAAGGISAAVSK.T	NA	1	17.240	0.23	597.31	3.4	2	6/24	8600
180	K.VQALEEANNDLENK.I	NA	7	77.650	2.8e-007	793.89	0.9	2	10/26	7416
181	R.STSSFSCLSR.H	NA	1	16.190	0.09	566.26	0.4	2	4/18	4998
182	K.SEITELR.R	NA	2	11.400	1.5	424.23	1.8	2	3/12	4824
183	K.TAALAPAHNTALLAK.D	NA	1	34.420	0.0022	488.28	1.2	3	9/28	10849
184	K.KVPQVSTPTLVEVSR.N	NA	13	66.920	1.1e-006	547.32	2.6	3	15/28	3543
185	R.AAYFGFYDTAR.G	NA	1	8.990	0.99	641.30	0.3	2	3/20	10920
186	K.TITLEVEPSDTIENVK.A	NA	4	51.010	0.00016	894.47	1.0	2	9/30	10183
187	R.SLVGLGGTK.S	NA	3	25.830	0.048	416.25	0.5	2	6/16	9982
188	K.TLTTDPMPTQILR.R	NA	2	44.710	0.0006	743.90	0.1	2	6/24	10436
189	R.ALEEANADLEVK.I	NA	6	49.640	0.00015	651.33	2.2	2	10/22	7770
190	K.NDGTVIHFNNPK.A	NA	1	7.190	2.1	452.56	2.6	3	3/22	10585
191	K.VHKECCHGDLLECADDR.A	NA	1	27.770	0.0017	529.23	0.6	4	10/32	11999
192	K.CSICGLAFAK.A	NA	3	51.920	4.1e-005	563.77	0.4	2	8/18	10216
193	K.ECCHGDLLECADDR.A	NA	2	17.710	0.017	583.89	1.9	3	9/26	10195
194	R.EIQTAVR.L	NA	1	26.310	0.057	408.73	0.7	2	5/12	3752
195	K.LVNELTEFAK.T	NA	10	63.460	6.1e-006	582.32	0.3	2	9/18	6765
196	R.TNAENEFVTIK.K	NA	5	81.590	7.9e-008	633.32	0.5	2	8/20	9840
197	K.LATEIASK.S	NA	3	8.410	3	416.74	0.7	2	4/14	6603
198	K.QEIPDMEDEAQQEVIIGGL.-	0.0000010000000000000.0	2	29.210	0.0083	1065.50	1.4	2	11/36	9246
199	K.SPLSADMSLGLAK.Q	NA	3	55.390	4.7e-005	645.34	1.5	2	8/24	10381
