1	R.TLLEGEESR.M	NA	6	35.730	0.0047	517.26	0.1	2	6/16	10036
2	R.IINEPTAAAIAYGLDKK.A	NA	1	63.510	3e-006	596.67	0.8	3	10/32	12842
3	K.YGLNICR.Q	NA	1	30.310	0.0057	448.23	0.3	2	5/12	11391
4	R.QFSSSYLSR.S	NA	1	15.120	0.22	537.76	4.1	2	6/16	10782
5	K.IRLENEIQTYR.S	NA	1	38.140	0.0019	478.93	2.7	3	10/20	12773
6	R.VFDGIPSPYDK.R	NA	1	21.670	0.065	619.31	3.3	2	4/20	11664
7	K.RDFVNER.V	NA	1	22.910	0.091	468.24	5.2	2	4/12	13221
8	R.NELESYAYSLK.N	NA	1	45.690	0.00027	658.82	2.1	2	8/20	11674
9	K.DLEAIVQPVIAK.L	NA	1	43.820	0.00013	648.38	0.7	2	7/22	11942
10	R.VLDELTLAR.A	NA	4	48.170	0.00023	515.30	0.8	2	6/16	12040
11	K.SISISVAR.G	NA	3	28.680	0.014	416.75	0.7	2	5/14	10867
12	R.VSLAGACGVGGYGSR.S	NA	2	36.060	0.0034	705.84	6.0	2	8/28	10075
13	R.SLVNLGGSK.S	NA	5	34.950	0.0065	437.75	1.3	2	6/16	15464
14	R.IINEPTAAAIAYGLDKK.E	NA	1	63.510	3e-006	596.67	0.8	3	10/32	12842
15	K.VDPEIQNVK.A	NA	5	39.960	0.0011	521.28	0.7	2	5/16	8678
16	K.YIPIQYVLSR.Y	NA	1	41.260	0.00086	626.36	0.7	2	8/18	12913
17	R.SITGPQLSHVGMSSQGSGR.D	0.0000000000010000000.0	1	34.770	0.004	634.64	0.8	3	13/36	12131
18	R.YIYEIAR.R	NA	6	29.550	0.012	464.25	1.5	2	5/12	11827
19	K.DAEAWFNEK.S	NA	4	26.470	0.015	555.25	2.6	2	7/16	11112
20	R.TTAENEFVMLK.K	0.00000000100.0	2	10.510	0.92	649.82	3.5	2	7/20	11292
21	R.APSTYGGGLSVSSSR.F	NA	1	28.280	0.014	713.35	2.9	2	8/28	9386
22	R.ISIGGGSCAISGGYGSR.A	NA	2	84.480	2.9e-008	799.88	1.8	2	12/32	10225
23	R.VVVPIAMR.V	0.00000010.0	2	11.820	0.96	450.77	0.9	2	5/14	10720
24	R.LILEYR.Q	NA	2	27.960	0.018	403.74	0.6	2	5/10	12124
25	R.KVPQVSTPTLVEVSR.S	NA	24	80.910	3.7e-008	820.47	1.0	2	10/28	14667
26	K.FDLTGIPPAPR.G	NA	1	14.850	0.36	592.33	2.9	2	6/20	11805
27	R.GQTGGDVNVEMDAAPGVDLSR.I	0.000000000010000000000.0	2	13.350	0.45	1052.49	2.6	2	4/40	8898
28	K.FVIVTQNSPQQGQAK.V	NA	2	19.670	0.16	822.94	1.6	2	5/28	10304
29	K.ELMQQELELK.S	NA	1	26.890	0.037	630.83	0.6	2	7/18	11609
31	K.QISNLQQSISDAEQR.G	NA	3	66.370	2.7e-006	858.93	1.1	2	10/28	10207
32	K.LVVSTQTALA.-	NA	1	9.890	1.3	501.80	0.4	2	5/18	6848
33	R.ISISTSGGSFR.N	NA	2	51.870	5.2e-005	556.29	2.2	2	6/20	11033
34	R.TWITASMK.A	0.00000010.0	1	16.430	0.19	477.24	3.5	2	5/14	11266
35	K.CCAADDKEACFAVEGPK.L	NA	2	62.410	7.8e-007	643.27	0.3	3	8/32	12108
36	R.SLLEGEGSSGGGGR.G	NA	7	77.180	2.1e-007	631.80	0.3	2	9/26	9908
37	R.LTSALQESTANVDEWK.R	NA	1	69.980	1.4e-006	896.44	6.6	2	13/30	11444
38	K.ELPLALPALAR.M	NA	1	37.760	0.00018	582.36	0.2	2	7/20	12960
39	R.IEDVTPIPSDSTR.R	NA	2	22.150	0.087	715.36	2.9	2	6/24	8314
40	R.INASLTPIGAK.T	NA	1	31.400	0.0074	542.82	3.0	2	8/20	10979
41	R.FFGSQVATQMR.N	0.00000000010.0	1	33.880	0.0026	644.31	0.7	2	8/20	11272
42	K.IGGIGTVPVGR.V	NA	2	32.240	0.0026	513.31	1.1	2	7/20	11346
43	K.VGSGPIDDPLEAFNR.I	NA	1	22.280	0.094	793.89	0.8	2	6/28	12620
45	K.DDPHACYSTVFDK.L	NA	2	26.220	0.0049	518.89	0.0	3	11/24	5404
46	R.VLDELTLTK.A	NA	8	40.270	0.0012	516.30	0.1	2	8/16	11797
47	K.AEVLSPVVSVFVPPR.N	NA	1	12.650	0.29	798.46	1.8	2	4/28	12994
48	K.LAADDFR.A	NA	3	46.750	0.00037	404.20	2.0	2	6/12	10270
49	R.LDSELKNMQDMVEDYR.N	0.0000000100100000.0	1	14.730	0.15	673.30	4.7	3	12/30	11772
50	R.VLDELTLAR.T	NA	4	48.170	0.00023	515.30	0.8	2	6/16	12040
51	K.FLIDALNDTPLEAR.Y	NA	1	69.110	1.7e-006	794.42	2.6	2	10/26	12902
52	K.DAGTIAGLNVLR.I	NA	1	47.790	0.0002	600.34	1.2	2	9/22	11652
53	R.IMLYPSRI.-	NA	1	23.890	0.048	496.78	1.0	2	4/14	12767
54	K.VDPEIQNVK.S	NA	5	39.960	0.0011	521.28	0.7	2	5/16	8678
55	R.NFEVESLK.D	NA	6	24.790	0.053	483.25	0.1	2	4/14	6971
56	R.LAADDFR.L	NA	6	46.750	0.00037	404.20	2.0	2	6/12	10270
58	K.YICENQDSISSK.L	NA	6	23.760	0.019	722.32	0.4	2	10/22	4212
59	K.VPQVSTPTLVEVSR.N	NA	2	57.820	1.7e-005	756.43	2.1	2	9/26	11236
60	R.MTLDDFR.I	0.1000000.0	2	54.070	1.1e-005	457.21	0.8	2	6/12	10412
61	K.QCANLQNAIADAEQR.G	NA	2	11.440	0.54	567.94	0.4	3	5/28	10864
62	R.AVLVDLEPGTMDSVR.S	NA	1	60.970	1.2e-005	801.41	1.3	2	7/28	12519
63	R.FAAFIDK.V	NA	1	17.990	0.15	406.22	2.6	2	4/12	11875
64	R.FSSSSGYGGGSSR.V	NA	3	68.260	2e-007	618.27	0.9	2	8/24	7185
65	K.AELNEFLTR.E	NA	2	36.710	0.0033	546.79	1.7	2	5/16	12085
66	R.FKDLGEEHFK.G	NA	42	51.050	0.00012	417.21	0.6	3	6/18	18891
67	K.LLEGEECR.L	NA	5	10.500	0.91	503.24	1.0	2	5/14	4053
68	R.FFGSQVATQMR.N	NA	1	29.740	0.011	636.31	0.4	2	7/20	11924
69	K.VPQVSTPTLVEVSR.S	NA	2	57.820	1.7e-005	756.43	2.1	2	9/26	11236
70	K.NMQDMVEDYR.N	0.0000100000.0	3	46.080	2.5e-005	658.77	0.3	2	8/18	9498
71	K.LLEGEECR.M	NA	3	10.500	0.91	503.24	1.0	2	5/14	4053
72	R.AVGSMQNDNTAIDPHTVEPPNMSNTNTQNANPDSPSHK.L	0.00001000000000000000010000000000000000.0	1	35.370	0.00061	1016.45	0.1	4	9/74	12559
73	R.NAVPITPTLNR.E	NA	3	34.340	0.0033	598.34	0.0	2	4/20	10389
74	R.LCVLHEK.T	NA	1	11.010	0.57	449.74	0.1	2	4/12	4561
75	R.LAADDFR.T	NA	6	46.750	0.00037	404.20	2.0	2	6/12	10270
76	R.VEIIANDQGNR.I	NA	2	18.280	0.17	614.82	3.8	2	5/20	9075
77	R.SFSTASAITPSVSR.T	NA	4	39.820	0.0013	705.87	6.0	2	8/26	10402
78	K.FELSGIPPAPR.G	NA	1	21.280	0.082	592.33	2.9	2	6/20	11805
79	R.IFAPDNIVAK.S	NA	1	38.770	0.0027	544.31	1.8	2	8/18	11612
80	K.YLYEIAR.R	NA	12	29.550	0.012	464.25	1.5	2	5/12	11827
81	R.AETECQNTEYQQLLDIK.I	NA	2	71.190	6.3e-007	694.99	1.7	3	8/32	11631
82	R.TSQNSELNNMQDLVEDYKK.K	0.0000000001000000000.0	1	71.140	5e-007	758.02	0.6	3	9/36	11718
83	R.GAQPQVQGTHAAAAAANNMR.N	0.00000000000000000010.0	1	38.230	0.0022	660.65	1.9	3	9/38	11687
84	K.AEFVEVTK.L	NA	4	36.080	0.0023	461.75	0.1	2	7/14	10246
85	K.WELLQQVDTSTR.T	NA	1	81.460	1.1e-007	738.38	2.2	2	9/22	12526
86	K.SLPPDLAAEGK.S	NA	2	30.730	0.0068	549.30	6.2	2	7/20	9883
87	K.VLLLLTMTQR.S	NA	1	32.540	0.004	594.36	2.7	2	5/18	13228
88	K.YICDNQDTISSK.L	NA	6	75.780	1.2e-007	722.32	0.4	2	10/22	4212
89	R.QVDLLSAEQMR.Q	0.00000000010.0	1	10.550	1.3	653.32	3.8	2	5/20	10987
90	R.QSVEADINGLR.R	NA	3	75.970	3.3e-007	601.31	1.4	2	9/20	10637
91	R.VVVPIAMR.V	NA	1	42.360	0.00044	442.77	0.9	2	5/14	12507
92	K.CCTESLVNR.R	NA	12	58.010	7.9e-006	569.75	0.4	2	8/16	9350
93	K.YNGVFQECCQAEDK.G	NA	1	40.630	8.6e-005	874.36	0.1	2	9/26	9991
94	R.GGSGGSYGGGGSGGGYGGGSGSR.G	NA	1	13.570	0.044	896.37	1.5	2	4/44	6016
95	K.NVQDAIADAEQR.G	NA	3	73.150	4.8e-007	665.32	1.2	2	10/22	9981
96	K.VDALMDEINFMK.M	0.000010000010.0	2	16.510	0.097	729.34	2.2	2	6/22	11270
97	K.TVMENFVAFVDK.C	NA	1	68.630	1.4e-006	700.35	0.0	2	9/22	13167
98	K.WKVDGVTQSSSNFQNSFTDQDSK.K	NA	2	31.270	0.0044	869.06	5.6	3	9/44	10117
99	K.LQEPLLLLGK.E	NA	1	41.140	7.7e-005	562.36	0.0	2	7/18	12923
100	K.VDELEAALR.M	NA	1	34.620	0.0033	508.27	2.6	2	8/16	11522
101	K.TVMENFVAFVDK.C	0.001000000000.0	2	73.560	3.8e-007	708.35	0.8	2	10/22	597
102	R.FLEQQNQVLQTK.W	NA	76	78.400	2.1e-007	738.40	0.5	2	10/22	10359
103	K.QTALVELLK.H	NA	1	49.540	6.7e-005	507.81	1.0	2	7/16	12766
104	K.DDPHACYSTVFDKLK.H	NA	6	53.010	3.7e-005	599.28	1.3	3	13/28	13473
105	R.ALEESNYELEGK.I	NA	4	86.120	1.7e-008	691.33	2.1	2	9/22	9872
106	K.DSQLLDSVNPVIK.M	NA	1	40.090	0.0012	714.39	0.5	2	7/24	11370
107	K.VEIIANDQGNR.T	NA	2	18.280	0.17	614.82	3.8	2	5/20	9075
108	R.MTLDDFR.I	NA	1	36.630	0.0014	449.21	0.6	2	5/12	11678
109	R.VATVSLPR.S	NA	26	58.380	2.2e-005	421.76	1.8	2	6/14	10992
110	K.NMQDMVEDYR.N	NA	2	46.550	4.4e-005	650.77	1.8	2	6/18	11075
111	K.FQELQLAAGR.H	NA	1	46.350	0.00044	566.81	0.3	2	7/18	11429
112	K.EITALAPSTMK.I	NA	1	29.880	0.019	581.31	0.7	2	5/20	11160
113	K.LKPDPNTLCDEFKADEK.K	NA	21	77.890	2.6e-007	673.99	0.4	3	12/32	18830
114	R.RHPEYAVSVLLR.L	NA	27	58.900	9.7e-006	480.61	1.6	3	7/22	12477
115	K.ECCHGDLLECADDRADLAK.Y	NA	2	16.960	0.027	562.74	1.1	4	7/36	18928
116	K.NQVAMNPTQTIFDAK.R	NA	1	45.460	0.00034	839.42	0.9	2	8/28	11713
117	K.DAFLGSFLYEYSR.R	NA	1	27.080	0.02	784.38	6.4	2	5/24	13185
118	K.TCVADESHAGCEK.S	NA	4	57.960	3e-006	488.53	0.1	3	8/24	3300
119	K.STMQELNSR.L	NA	5	37.540	0.0017	533.25	0.5	2	7/16	9174
120	R.QLDSIVGER.G	NA	8	46.870	0.00036	508.77	0.3	2	7/16	10560
121	R.ISSVLAGGSCR.A	NA	2	45.390	0.00051	553.78	0.4	2	6/20	10228
122	K.AQYEEIANR.S	NA	1	15.060	0.27	547.27	0.1	2	6/16	8532
123	R.MCTFIAEGVK.V	0.1000000000.0	1	14.520	0.23	586.28	2.9	2	7/18	11110
124	R.MVPAAAAVAAAPMGGK.T	NA	1	48.360	0.00018	706.87	4.3	2	7/30	11260
126	K.GSLGGGFSSGGFSGGSFSR.G	NA	1	67.230	1.3e-006	854.39	0.3	2	13/36	11528
127	R.QEYEQLIAK.N	NA	2	43.180	0.00058	561.30	0.6	2	7/16	10481
128	R.QITVNDLPVGR.S	NA	1	34.250	0.0031	606.34	0.8	2	5/20	11244
129	K.LPEDIIPDIVEK.F	NA	1	28.800	0.016	690.88	1.8	2	7/22	12672
131	K.NICLPAVFK.A	NA	1	33.480	0.0074	531.30	3.6	2	5/16	12758
132	K.SVVSEIVDLSAASK.E	NA	1	16.660	0.27	468.92	0.9	3	6/26	13002
133	K.QEIAEINR.M	NA	2	12.500	0.96	486.76	2.0	2	5/14	9291
134	K.NSGEISTVVATASALASAEAR.Q	NA	2	73.120	9.2e-007	669.01	0.2	3	10/40	13009
135	R.FPGQLNADLR.K	NA	1	13.770	0.7	565.80	3.1	2	4/18	11632
136	R.LGEHNIDVLEGNEQFINAAK.I	NA	1	51.860	7.8e-005	737.71	1.3	3	10/38	12791
137	K.QFGVNLNR.K	NA	1	51.240	0.00012	474.26	2.7	2	7/14	11299
138	R.QGVDADINGLR.Q	NA	3	92.560	7e-009	579.30	0.2	2	9/20	10122
139	R.AQAWATGGPSTTGPVGGMPR.T	NA	3	61.420	1.1e-005	949.96	2.7	2	8/38	10955
140	R.LNPLTNVR.Q	NA	1	20.840	0.046	463.77	0.0	2	5/14	11476
141	K.TNAAGWLPSSGSR.T	NA	1	9.630	1.2	652.32	4.8	2	7/24	11046
142	R.QVLDNLTMEK.S	NA	1	30.300	0.015	595.81	0.8	2	7/18	11179
143	K.TEELNKEVASNSELVQSSR.S	NA	1	86.890	3.3e-008	707.36	2.1	3	11/36	11782
144	R.TTAENEFVMLK.K	NA	2	23.020	0.055	641.82	1.3	2	7/20	12349
145	K.VDALMDEINFMK.M	NA	2	62.780	6e-006	713.34	1.5	2	9/22	12852
146	R.NLDLDSIIAEVK.A	NA	12	62.300	7e-006	665.37	0.2	2	10/22	12979
147	R.ISLGLPVGAVMNCADNTGAK.N	NA	1	38.220	0.0021	663.34	0.9	3	9/38	12636
148	K.VTMQNLNDR.L	0.001000000.0	20	46.340	0.00034	553.77	0.2	2	6/16	3310
149	R.GQVGGDVNVEMDAAPGVDLSR.I	0.000000000010000000000.0	2	30.820	0.0073	1051.49	0.9	2	6/40	9452
150	K.HLVDEPQNLIK.Q	NA	6	38.220	0.0017	653.36	0.2	2	8/20	12731
151	K.VMPAVVIR.Q	NA	1	24.630	0.024	442.77	0.3	2	5/14	11902
152	K.LKECCDKPLLEK.S	NA	26	51.390	0.00011	511.60	1.3	3	9/22	14122
153	R.FSSCGGGGGSFGAGGGFGSR.S	NA	3	115.340	1.3e-011	883.37	1.5	2	14/38	10398
154	R.TAAENDFVTLK.K	NA	1	72.450	9.3e-007	604.81	0.4	2	9/20	11335
155	R.FLEQQNK.L	NA	1	11.330	1.3	453.74	4.7	2	4/12	9756
156	R.IGQPIMSVR.S	NA	1	44.900	0.00051	500.78	1.6	2	6/16	11468
157	R.NAICVNCIK.N	NA	2	24.620	0.044	546.27	3.8	2	4/16	11778
158	K.EYEATLEECCAK.D	NA	5	59.320	1.6e-006	751.81	4.4	2	8/22	4621
159	K.EACFAVEGPK.L	NA	1	52.460	4.3e-005	554.26	0.1	2	7/18	4809
160	R.ISGLIYEETR.G	NA	1	44.820	0.0004	590.82	4.9	2	6/18	11551
161	R.LLEGEECR.M	NA	1	10.500	0.91	503.24	1.0	2	5/14	4053
162	K.IEISELNR.V	NA	18	59.510	2e-005	487.27	2.5	2	6/14	10861
163	R.SLDLDSIIAEVK.A	NA	8	80.350	1.2e-007	651.86	0.5	2	10/22	13011
164	K.AVINSTITPNMTFTQTSQK.F	0.0000000000100000000.0	3	37.430	0.0024	700.02	0.2	3	8/36	9931
165	K.NQLTTNPENTVFDAKR.L	NA	1	13.160	0.79	616.65	0.9	3	7/30	12572
166	R.SITGPQLSHVGMSSQGSGR.D	NA	1	67.620	2e-006	629.31	1.5	3	9/36	12557
167	K.NADVSPEAQELYR.A	NA	2	25.510	0.023	746.36	0.1	2	6/24	10026
168	K.NMQDMVEDYR.N	0.0100100000.0	1	35.180	0.0003	666.76	0.2	2	8/18	7211
169	R.GQTGGDVNVEMDAAPGVDLSR.I	NA	2	54.510	2.7e-005	696.66	2.4	3	9/40	9937
170	K.YEELQQTAGR.H	NA	2	17.410	0.19	597.79	1.8	2	5/18	8018
171	R.TIDPKPCNPR.T	NA	1	20.840	0.1	399.87	0.1	3	6/18	11914
172	R.FGDIIDCVVMK.N	0.00000000010.0	6	39.750	0.00091	656.82	3.3	2	9/20	12462
173	R.QEEAEYIDLPMELPTK.S	NA	1	55.180	3.9e-005	953.46	2.2	2	9/30	12540
174	K.QSLEASLAETEGR.Y	NA	8	103.310	6.5e-010	695.84	3.2	2	12/24	11025
175	R.GLCAIAQAESLR.Y	NA	1	49.940	0.00017	644.84	0.5	2	9/22	11698
176	R.DLTVGGAVTQCYR.D	NA	1	18.520	0.14	720.35	1.4	2	5/24	9798
177	R.YLDGLTAER.T	NA	1	23.290	0.067	519.27	6.3	2	7/16	11237
178	R.LDPEMILLR.D	NA	1	54.100	6.2e-005	550.31	1.5	2	7/16	12953
179	K.YENEVALR.Q	NA	1	44.040	0.00057	497.25	0.3	2	6/14	10218
180	R.SQYEQLAEQNRK.D	NA	2	32.730	0.0058	498.58	1.5	3	5/22	11994
181	R.LALTDTIESER.C	NA	1	59.820	2e-005	624.33	4.0	2	7/20	11359
182	R.DYQELMNTK.L	NA	2	21.500	0.055	571.26	0.1	2	4/16	9552
183	K.NMQDMVEDYR.N	0.0100000000.0	2	40.440	9e-005	658.77	6.2	2	8/18	10935
184	R.MSGDLSSNVTVSVTSSTISSNVASK.A	0.1000000000000000000000000.0	1	15.750	0.47	825.40	2.7	3	4/48	9530
185	K.LSEVNGVFAK.H	NA	1	43.090	0.00069	532.29	5.2	2	8/18	11264
186	K.LSSPATLNSR.V	NA	8	74.500	6.6e-007	523.29	0.1	2	8/18	9082
187	R.FLEQQNK.V	NA	8	11.330	1.3	453.74	4.7	2	4/12	9756
188	R.DAEAWFNEK.S	NA	2	26.470	0.015	555.25	2.6	2	7/16	11112
189	K.VFAPEEISAMVLGK.M	0.00000000010000.0	1	48.040	0.00021	753.90	0.2	2	10/26	12690
190	K.AEQEIANLQSSLAR.S	NA	2	46.000	0.00043	765.40	0.7	2	9/26	11059
191	K.LNALTEQLR.L	NA	1	35.320	0.0054	529.30	6.9	2	7/16	11238
192	K.TLLDIDNTR.M	NA	9	64.250	9.1e-006	530.79	0.2	2	7/16	14119
193	R.NMQDLVEDFK.N	NA	2	56.680	1.8e-005	619.79	0.5	2	7/18	12568
194	R.ILGCTENIGTQIR.S	NA	2	94.060	6.4e-009	737.89	0.4	2	12/24	11333
195	R.SGGGFSSGSAGIINYQR.R	NA	2	97.480	1.7e-009	829.40	2.0	2	11/32	10655
196	R.SGGGGGGGLGSGGSIR.S	NA	5	85.820	2.7e-008	616.80	0.9	2	10/30	8642
197	R.VLDEITLCR.T	NA	2	41.400	0.0015	559.80	2.0	2	6/16	11590
198	R.ALDTMNFDLVR.N	0.00001000000.0	2	33.120	0.0055	655.82	0.5	2	8/20	11890
199	R.QITMNDLPVGR.S	NA	1	37.650	0.0024	622.33	2.0	2	8/20	11396
200	R.VQSMVGIIGNR.S	NA	1	31.040	0.012	587.32	3.7	2	6/20	11611
201	K.SSLICQATDFSPK.Q	NA	1	75.080	3.5e-007	727.35	1.2	2	10/24	11418
202	R.VLVDGPLTGVPR.Q	NA	1	48.560	4.7e-005	611.86	2.2	2	9/22	12143
203	R.ETYGDMADCCEK.Q	0.000001000000.0	2	45.300	3e-005	747.76	1.5	2	8/22	3512
204	K.VTMQNLNDR.L	NA	35	70.730	1.4e-006	545.77	0.6	2	7/16	9289
205	R.YVTCILDDAK.V	NA	1	45.260	0.00029	599.29	2.7	2	7/18	11426
206	K.VLLLLTMTQR.S	0.0000001000.0	1	35.440	0.0013	602.36	3.4	2	6/18	12741
207	R.VINEALR.N	NA	1	16.590	0.31	407.74	0.1	2	5/12	10364
208	K.ASLENSLEETK.G	NA	2	47.770	0.00024	610.80	0.5	2	9/20	9943
209	K.LAELEEALQK.A	NA	1	49.360	0.00015	572.32	0.6	2	6/18	11554
210	K.KQTALVELLK.H	NA	15	68.800	3.9e-007	571.86	0.1	2	8/18	15450
211	K.WTLLQEQGTK.T	NA	2	49.100	0.00023	602.32	0.3	2	6/18	11925
212	R.TAAENEFVTLKK.D	NA	3	16.170	0.39	675.87	1.3	2	7/22	12653
213	K.SLHTLFGDELCK.V	NA	15	36.640	0.0031	473.90	0.1	3	9/22	13096
214	R.LASYLDK.V	NA	8	25.490	0.034	405.22	3.3	2	5/12	10797
215	R.MDVFALAR.H	NA	1	22.030	0.084	461.74	0.4	2	4/14	12777
216	R.QSVEADINGLRR.V	NA	1	22.260	0.11	679.37	3.4	2	5/22	12562
217	K.FASFIDK.V	NA	11	41.190	0.00084	414.22	1.0	2	6/12	11838
218	R.YALVSAIAASGVPALVQSK.G	NA	1	32.390	0.0027	923.03	0.9	2	6/36	12859
219	R.SNAFELDVGSSVR.E	NA	1	33.180	0.0062	690.84	5.1	2	6/24	11651
220	K.LNDLEEALQQAK.E	NA	1	66.640	2.7e-006	686.36	1.0	2	9/22	11725
221	K.VIAESIGVGSLSDDAAK.E	NA	1	55.160	4.3e-005	816.43	2.5	2	9/32	11283
222	K.GAGAVLEATAGR.R	NA	1	43.060	0.00067	536.79	0.4	2	7/22	10285
223	K.LVDLPTVVESYK.T	NA	1	61.350	8.5e-006	681.88	0.4	2	7/22	12569
224	R.VLPVFELDEK.C	NA	1	24.780	0.052	594.83	1.6	2	7/18	12812
225	R.TQIPSLQVPGQANIVQIR.G	NA	1	21.180	0.05	654.71	0.3	3	6/34	12342
226	K.IIAATIENAQPILQIDNAR.L	NA	1	62.810	3.2e-006	688.72	0.7	3	17/36	12524
227	K.FSSAGPVLSIR.V	NA	1	55.020	4.3e-005	567.32	1.1	2	8/20	12084
228	K.LAMQNLNDR.L	0.001000000.0	5	31.050	0.013	545.77	0.6	2	7/16	9289
229	R.QGSPGVSSLPQIR.A	NA	2	68.390	1.6e-006	663.36	1.8	2	9/24	10743
230	R.DVTAQFQAIQALQK.Y	NA	1	9.250	2.1	780.92	2.8	2	6/26	11405
231	K.LNDLEDALQQAK.E	NA	8	70.320	1.4e-006	679.35	1.7	2	11/22	14904
232	K.VDLLNQEIEFLK.V	NA	2	72.770	7.5e-007	730.90	1.6	2	8/22	12999
233	R.ITPSYVAFTADGER.L	NA	1	58.310	1.4e-005	509.59	4.5	3	7/26	11584
234	R.HPEYAVSVLLR.L	NA	4	57.720	1.6e-005	642.36	0.2	2	8/20	13247
235	R.IKFEMEQNLR.Q	0.0000100000.0	1	30.450	0.014	662.34	0.8	2	7/18	12687
236	K.TGTVSVVCLVNDFYPK.D	NA	4	65.710	3e-006	899.96	1.0	2	10/30	12680
237	R.VDTLTGEVNFLK.Y	NA	1	93.020	7e-009	668.36	0.5	2	9/22	12563
238	R.QTVEADVNGLR.R	NA	2	8.820	1.9	601.31	3.0	2	9/20	10810
239	K.LNPYAEVLK.R	NA	2	10.760	1.6	523.80	1.5	2	5/16	11993
240	K.YEELQITAGR.H	NA	4	64.010	5.6e-006	590.30	3.4	2	9/18	10787
241	K.AVINSTITPNMTFTQTSQK.F	NA	2	59.560	1.2e-005	694.69	1.7	3	10/36	11261
242	R.ANTVYGLGFASEAELTK.F	NA	1	114.380	5.8e-011	885.95	1.4	2	13/32	12530
243	K.TVKPSECS.-	NA	7	14.380	0.21	454.21	0.1	2	4/14	5693
244	R.NECFLSHKDDSPDLPK.L	NA	45	66.720	1.1e-006	476.22	0.6	4	8/30	18981
245	K.LGEYGFQNALIVR.Y	NA	3	98.710	1.8e-009	740.40	0.8	2	9/24	12728
246	R.LPSEEEIR.A	NA	1	24.880	0.029	486.75	0.2	2	5/14	10029
247	R.NMQEVVEDFK.V	NA	1	41.220	0.00065	619.79	0.5	2	7/18	12568
248	K.LQPGGMPTSLGDPK.S	NA	2	13.380	0.59	699.36	2.4	2	4/26	10256
249	R.MPCTEDYLSLILNR.L	0.10000000000000.0	1	42.430	0.00047	870.92	1.0	2	7/26	13048
250	R.RPCFSALTPDETYVPK.A	NA	2	28.640	0.018	627.64	0.5	3	13/30	12823
251	R.LLEGEDAHLSSSQFSSGSQSSR.D	NA	1	33.360	0.0031	770.36	0.6	3	7/42	12162
252	R.LENEIQTYR.S	NA	3	75.870	4.1e-007	583.30	0.6	2	8/16	10006
253	R.SVVTVIDVFYK.Y	NA	1	33.860	0.0041	635.36	3.0	2	5/20	13216
254	R.LGQFVTQR.V	NA	1	24.730	0.067	474.77	7.0	2	6/14	11045
255	K.SLNNQFASFIDK.V	NA	11	82.520	6.1e-008	692.35	0.4	2	10/22	14972
256	R.TNAENEFVTIKK.D	NA	1	71.340	1e-006	697.37	0.4	2	10/22	12560
257	R.LSFNPTQLEEQCHI.-	NA	1	77.900	2e-007	858.41	0.1	2	10/26	12511
258	K.DIPGLTDTTIPR.R	NA	1	56.170	2.7e-005	649.85	2.9	2	10/22	11271
260	K.VQALEEANNDLENK.I	NA	10	96.780	2.4e-009	793.89	1.0	2	11/26	9139
261	R.STSSFSCLSR.H	NA	3	52.230	2.3e-005	566.26	0.1	2	7/18	10056
262	K.SEITELR.R	NA	2	26.120	0.044	424.23	0.7	2	5/12	4607
263	K.DMESLIQIAK.C	NA	2	41.800	0.0013	574.30	0.1	2	8/18	11867
264	K.VFAPEEISAMVLGK.M	NA	1	9.930	1.6	745.90	0.4	2	4/26	13259
265	K.AEAESLYQSK.Y	NA	2	18.560	0.12	563.28	2.0	2	7/18	8384
266	R.GFSSGSAVVSGGSR.R	NA	4	65.960	2.7e-006	627.81	4.3	2	9/26	8568
267	K.KVPQVSTPTLVEVSR.N	NA	24	80.910	3.7e-008	820.47	1.0	2	10/28	14667
268	K.TLESDSQLSMLLPK.N	NA	1	48.240	0.00025	781.41	1.0	2	7/26	12700
269	K.TITLEVEPSDTIENVK.A	NA	1	34.320	0.0066	894.47	3.0	2	9/30	11546
270	R.VSITCSGSSSNIGR.D	NA	4	43.730	0.00052	712.84	0.8	2	7/26	8677
271	R.ESASVTCLVK.G	NA	4	63.020	8.2e-006	547.28	2.8	2	9/18	10149
272	R.INAEDNALDQITK.E	NA	1	39.090	0.0017	722.87	3.4	2	9/24	10695
273	R.EREEEEFEFVTN.-	NA	1	35.620	0.00067	779.34	1.8	2	7/22	11416
274	K.APVIDLVK.F	NA	2	30.560	0.0015	427.77	0.5	2	7/14	11965
276	K.ECCHGDLLECADDR.A	NA	1	17.150	0.019	583.89	0.6	3	6/26	12092
277	K.LVNELTEFAK.T	NA	9	68.690	2e-006	582.32	1.4	2	9/18	12351
278	R.TNAENEFVTIK.K	NA	2	82.080	7.1e-008	633.32	0.6	2	8/20	11318
279	K.VFLGGLPSNVTETDLR.T	NA	3	83.920	6.1e-008	859.46	0.3	2	12/30	12603
280	K.ELTTEIDNNIEQISSYK.S	NA	3	63.190	6.3e-006	998.99	0.3	2	8/32	11741
281	R.VLDELTLCR.T	NA	2	41.400	0.0015	559.80	2.0	2	6/16	11590
282	K.VANVSLLALYK.E	NA	1	28.180	0.0098	595.86	2.6	2	9/20	12793
283	K.AANQPESTIVVVGTVTDDAR.L	NA	1	35.330	0.0037	681.68	4.8	3	9/38	11117
284	R.LKEEAAATTAAAAAATTTSA.-	NA	5	62.680	8.5e-006	910.96	1.3	2	13/38	8998
