1	R.QVLDNLTMEK.S	0.0000000100.0	2	43.110	0.00096	603.81	0.1	2	8/18	7810
2	R.TLLEGEESR.M	NA	9	40.620	0.0015	517.26	1.3	2	6/16	6853
3	R.IAFSPYGNITSAK.V	NA	1	46.970	0.0004	684.86	1.0	2	9/24	9511
4	K.SISISVAR.G	NA	2	22.420	0.075	416.75	3.1	2	4/14	8166
5	K.VDPEIQNVK.A	NA	1	20.850	0.1	521.28	0.1	2	4/16	4972
6	R.YIYEIAR.R	NA	12	35.100	0.0025	464.25	0.5	2	6/12	9377
7	R.LILEYR.Q	NA	2	24.440	0.04	403.74	0.4	2	4/10	9622
8	R.KVPQVSTPTLVEVSR.S	NA	39	69.080	5.6e-007	547.32	2.1	3	17/28	6525
9	R.SGVGNVFIK.N	NA	2	20.680	0.13	460.76	1.4	2	6/16	9445
10	K.QISNLQQSISDAEQR.G	NA	6	77.780	5e-007	858.93	0.1	2	11/28	8786
11	K.LVVSTQTALA.-	NA	2	5.900	2.6	501.80	1.3	2	4/18	7300
12	K.QNCDQFEK.L	NA	2	10.890	1	534.72	1.1	2	4/14	3818
13	R.SLLEGEGSSGGGGR.G	NA	7	58.670	3.6e-005	631.80	1.2	2	7/26	7091
14	K.CCAADDKEACFAVEGPK.L	NA	4	73.740	1.5e-006	643.27	0.2	3	9/32	9270
15	K.IGGIGTVPVGR.V	NA	4	49.150	5.7e-005	513.31	0.4	2	6/20	8670
16	K.LAADDFR.A	NA	6	45.530	0.0005	404.20	0.9	2	5/12	7710
17	R.VLDELTLTK.A	NA	4	56.330	3.1e-005	516.30	0.1	2	8/16	9174
18	K.DDPHACYSTVFDK.L	NA	1	1.430	19	777.83	2.6	2	4/24	9191
19	R.VLDELTLAR.T	NA	6	30.320	0.015	515.30	1.1	2	5/16	9770
20	R.NFEVESLK.D	NA	3	24.210	0.076	483.25	0.3	2	4/14	7191
21	K.DDSPDLPK.L	NA	1	33.400	0.0074	443.71	0.0	2	6/14	4763
22	R.LAADDFR.L	NA	12	45.530	0.0005	404.20	0.9	2	5/12	7710
23	K.VSILAAIDEASK.K	NA	1	41.440	0.0012	608.84	0.8	2	6/22	10604
24	K.VPQVSTPTLVEVSR.N	NA	10	59.030	1.6e-005	504.62	0.3	3	13/26	9024
25	K.YICENQDSISSK.L	NA	9	24.980	0.082	722.32	0.2	2	6/22	6262
26	K.IPLDLTLR.S	NA	1	32.860	0.0014	470.80	0.2	2	6/14	10222
27	R.FAAFIDK.V	NA	1	29.560	0.015	406.22	1.0	2	6/12	9575
28	R.MTLDDFR.I	0.1000000.0	3	26.750	0.046	457.21	0.3	2	6/12	7919
29	R.FSSSSGYGGGSSR.V	NA	1	30.520	0.016	618.27	1.6	2	5/24	4197
30	K.DLGEEHFK.G	NA	1	6.770	3	487.73	2.0	2	5/14	5062
31	K.LLEGEECR.L	NA	2	38.090	0.0029	503.24	0.0	2	7/14	4633
32	R.FKDLGEEHFK.G	NA	4	10.250	2.3	417.21	3.8	3	5/18	10556
33	K.VPQVSTPTLVEVSR.S	NA	10	59.030	1.6e-005	504.62	0.3	3	13/26	9024
34	K.LLEGEECR.M	NA	2	38.090	0.0029	503.24	0.0	2	7/14	4633
36	K.NMQDMVEDYR.N	0.0000100000.0	3	41.640	0.0014	658.77	0.4	2	6/18	7187
37	R.LCVLHEK.T	NA	1	11.200	0.9	449.74	0.2	2	4/12	4959
38	R.LAADDFR.T	NA	18	45.530	0.0005	404.20	0.9	2	5/12	7710
39	K.VQPYLDEFQK.K	NA	1	36.040	0.0067	633.82	2.9	2	7/18	9271
40	R.LDPEMILLR.D	0.000010000.0	1	16.010	0.47	558.31	1.0	2	5/16	10319
41	K.YLYEIAR.R	NA	24	35.100	0.0025	464.25	0.5	2	6/12	9377
42	R.AETECQNTEYQQLLDIK.I	NA	1	28.280	0.059	694.99	0.4	3	5/32	9729
43	R.LTAEVENAK.C	NA	1	26.830	0.043	487.76	0.0	2	5/16	4314
44	R.MPCTEDYLSLILNR.L	NA	3	42.050	0.0018	575.62	0.2	3	7/26	11629
45	K.AEFVEVTK.L	NA	10	42.080	0.0007	461.75	0.2	2	7/14	7753
46	K.WELLQQVDTSTR.T	NA	5	66.130	6.4e-006	738.38	1.9	2	7/22	10091
47	K.YICDNQDTISSK.L	NA	10	72.790	1.3e-006	722.32	1.0	2	10/22	5886
48	R.QSVEADINGLR.R	NA	8	80.050	1.8e-007	601.31	0.3	2	9/20	8611
49	R.VVVPIAMR.V	NA	2	31.510	0.0051	442.77	0.1	2	6/14	9645
50	K.CCTESLVNR.R	NA	20	62.450	1.1e-005	569.75	0.3	2	7/16	5949
51	K.YNGVFQECCQAEDK.G	NA	5	51.150	0.00018	874.36	0.2	2	6/26	7322
52	R.GGSGGSYGGGGSGGGYGGGSGSR.G	NA	1	3.020	11	597.91	6.9	3	3/44	4109
53	K.NVQDAIADAEQR.G	NA	3	68.670	3.2e-006	665.32	0.2	2	9/22	7634
54	K.TVMENFVAFVDK.C	NA	2	35.500	0.0068	700.35	0.9	2	8/22	11094
55	K.VHKECCHGDLLECADDRADLAK.Y	NA	1	5.840	13	523.24	1.2	5	6/42	12009
56	K.VAPLGEEFR.E	NA	5	47.120	0.0005	509.27	0.8	2	7/16	9247
57	R.TIDQLQQK.I	NA	1	4.030	7.4	487.27	0.1	2	5/14	8521
58	K.TVMENFVAFVDK.C	0.001000000000.0	6	87.350	5.8e-008	708.35	0.5	2	9/22	10260
59	R.FLEQQNQVLQTK.W	NA	22	76.380	4.2e-007	738.40	0.4	2	10/22	7943
60	K.QTALVELLK.H	NA	12	62.140	4.6e-006	507.81	2.1	2	8/16	15000
61	R.ALEESNYELEGK.I	NA	3	74.270	1.1e-006	691.33	3.3	2	9/22	7330
62	K.DSQLLDSVNPVIK.M	NA	1	9.300	1.7	476.60	0.3	3	6/24	9350
63	K.QAVIFLR.R	NA	2	22.550	0.056	423.76	0.6	2	5/12	10155
64	R.MTLDDFR.I	NA	2	35.480	0.0091	449.21	0.1	2	5/12	9502
65	R.VATVSLPR.S	NA	18	54.090	5.9e-005	421.76	0.8	2	6/14	7582
66	K.NMQDMVEDYR.N	NA	2	61.330	1.3e-005	650.77	1.1	2	8/18	8758
67	R.RHPEYAVSVLLR.L	NA	46	76.970	1.8e-007	480.61	0.2	3	8/22	13580
68	R.DANLTALQAIGPR.K	NA	2	38.780	0.0018	670.37	0.1	2	8/24	9259
69	K.DAFLGSFLYEYSR.R	NA	5	16.320	0.74	784.37	1.8	2	6/24	11263
70	K.TCVADESHAGCEK.S	NA	6	43.900	0.00077	488.53	0.7	3	8/24	3675
71	K.STMQELNSR.L	NA	2	23.520	0.069	533.25	6.2	2	5/16	4606
72	R.QLDSIVGER.G	NA	4	21.640	0.12	508.77	0.7	2	5/16	8232
73	R.QQLAPYSDDLR.Q	NA	1	20.780	0.17	653.33	0.8	2	6/20	8018
74	R.QEYEQLIAK.N	NA	3	32.570	0.0081	561.30	0.4	2	7/16	8197
75	R.QITVNDLPVGR.S	NA	1	22.730	0.052	606.34	0.2	2	5/20	8827
76	K.AIPVAMAGLR.T	NA	1	17.180	0.12	499.79	6.4	2	6/18	9777
77	R.QGVDADINGLR.Q	NA	5	86.650	4.1e-008	579.30	0.3	2	9/20	8082
79	K.VTMQNLNDR.L	0.001000000.0	4	73.920	1e-006	553.77	0.1	2	8/16	3817
80	K.HLVDEPQNLIK.Q	NA	9	62.820	9.5e-006	653.36	2.6	2	15/20	6666
81	K.LKECCDKPLLEK.S	NA	1	1.740	17	511.60	1.3	3	4/22	10410
82	R.FLEQQNK.L	NA	1	10.960	1.8	453.74	0.3	2	4/12	4265
83	K.EYEATLEECCAK.D	NA	9	67.000	3.9e-006	751.81	0.3	2	8/22	6591
84	K.IEISELNR.V	NA	20	49.810	0.00019	487.27	0.2	2	7/14	6017
85	R.SLDLDSIIAEVK.A	NA	2	62.870	8e-006	651.86	0.2	2	9/22	11095
86	R.RHPYFYAPELLYYANK.Y	NA	3	15.920	0.68	512.01	3.4	4	6/30	12536
87	K.QSLEASLAETEGR.Y	NA	6	96.810	6.7e-009	695.84	0.4	2	11/24	8986
88	R.YLDGLTAER.T	NA	1	40.500	0.0016	519.27	0.9	2	7/16	8707
89	R.SQYEQLAEQNRK.D	NA	1	12.360	1.4	498.58	5.9	3	4/22	9063
90	K.NMQDMVEDYR.N	0.0100000000.0	1	34.920	0.0053	658.76	1.4	2	7/18	8887
91	K.LSSPATLNSR.V	NA	7	58.960	2.2e-005	523.29	2.9	2	8/18	6286
93	R.FLEQQNK.V	NA	3	10.960	1.8	453.74	0.3	2	4/12	4265
94	K.TLLDIDNTR.M	NA	7	35.720	0.0075	530.79	0.7	2	5/16	9059
96	K.IHINIVVIGHVDSGK.S	NA	1	45.850	0.00019	400.98	0.6	4	10/28	11775
97	R.SGGGGGGGLGSGGSIR.S	NA	1	36.440	0.0061	616.80	0.1	2	7/30	4499
98	R.ALDTMNFDLVR.N	0.00001000000.0	1	64.290	1.2e-005	655.82	0.2	2	9/20	9632
100	K.SSLICQATDFSPK.Q	NA	2	87.180	6.2e-008	727.35	0.1	2	10/24	9371
101	K.LFTFHADICTLPDTEK.Q	NA	2	28.700	0.046	636.64	0.2	3	6/30	10611
102	K.VLVGCMRIDTVFRAEK.V	0.0000010000000000.0	1	3.740	8.9	955.50	3.1	2	2/30	18905
103	R.ETYGDMADCCEK.Q	0.000001000000.0	1	47.590	0.00019	747.76	1.3	2	7/22	4162
104	K.VTMQNLNDR.L	NA	6	61.370	1.8e-005	545.77	0.6	2	7/16	6793
105	K.ASLENSLEETK.G	NA	1	6.320	4.4	610.80	6.3	2	4/20	7639
106	K.LAELEEALQK.A	NA	1	44.120	0.00053	572.32	2.6	2	7/18	9210
107	R.ETYGDMADCCEK.Q	NA	2	30.840	0.0065	739.77	1.4	2	7/22	5970
108	K.SLHTLFGDELCK.V	NA	15	33.350	0.013	473.90	0.8	3	10/22	10673
109	R.LASYLDK.V	NA	6	37.020	0.0027	405.22	0.7	2	5/12	5168
110	R.QSVEADINGLRR.V	NA	2	25.720	0.06	453.24	1.0	3	7/22	9614
111	K.FASFIDK.V	NA	4	10.500	1.1	414.22	0.4	2	5/12	9600
113	R.LLEGEEQR.L	NA	1	35.300	0.0051	487.25	0.4	2	5/14	4463
114	K.LAMQNLNDR.L	0.001000000.0	3	27.230	0.046	545.77	0.6	2	7/16	6793
115	R.QGSPGVSSLPQIR.A	NA	1	21.260	0.1	663.36	0.5	2	5/24	8563
116	K.LNDLEDALQQAK.E	NA	1	74.980	9.3e-007	679.35	1.2	2	8/22	9143
117	R.HPEYAVSVLLR.L	NA	2	37.130	0.0021	428.57	1.9	3	10/20	10581
118	R.QTVEADVNGLR.R	NA	2	7.780	3.1	601.31	0.2	2	9/20	8611
119	K.YEELQITAGR.H	NA	6	59.050	2.7e-005	590.30	0.3	2	7/18	8091
120	K.GAFSNILR.G	NA	1	38.620	0.002	439.25	4.2	2	5/14	10082
121	R.NECFLSHKDDSPDLPK.L	NA	32	46.840	0.00077	476.22	0.4	4	8/30	10255
122	K.LGEYGFQNALIVR.Y	NA	4	95.100	5.1e-009	740.40	0.5	2	11/24	10433
123	R.MPCTEDYLSLILNR.L	0.10000000000000.0	1	22.190	0.17	580.95	0.3	3	8/26	11067
124	R.RPCFSALTPDETYVPK.A	NA	2	9.840	3.1	627.64	0.4	3	7/30	10240
125	K.LKPDPNTLCDEFK.A	NA	1	34.990	0.009	526.26	0.1	3	7/24	6510
126	K.SLNNQFASFIDK.V	NA	2	63.870	9.6e-006	692.35	0.9	2	9/22	10228
127	R.TNAENEFVTIKK.D	NA	1	3.660	8.4	697.37	0.7	2	4/22	9460
128	K.VQALEEANNDLENK.I	NA	9	81.620	2.3e-007	793.89	4.5	2	11/26	7030
129	K.SEITELR.R	NA	1	18.990	0.35	424.23	1.1	2	5/12	5233
130	K.AEAESLYQSK.Y	NA	1	53.940	0.0001	563.27	0.4	2	6/18	4791
131	K.KVPQVSTPTLVEVSR.N	NA	39	69.080	5.6e-007	547.32	2.1	3	17/28	6525
132	R.GFSSGSAVVSGGSR.R	NA	3	62.900	1.4e-005	627.81	0.2	2	9/26	5092
133	R.NVQALEIELQSQLALK.Q	NA	1	9.620	0.95	599.68	0.2	3	6/30	11051
134	R.SLVGLGGTK.S	NA	1	13.300	0.89	416.25	0.8	2	4/16	5602
135	R.ESASVTCLVK.G	NA	2	31.080	0.017	547.28	1.2	2	7/18	7631
136	K.VHKECCHGDLLECADDR.A	NA	3	22.450	0.17	529.23	1.0	4	8/32	12752
137	K.VPQLEIVPNSAEER.L	0.00000000020000.0	1	23.300	0.15	830.90	0.9	2	10/26	7671
138	K.ECCHGDLLECADDR.A	NA	1	26.300	0.056	583.89	0.9	3	6/26	9128
139	R.ILVEGETPSPPIR.S	NA	2	32.710	0.007	704.40	1.1	2	7/24	8768
140	K.LVNELTEFAK.T	NA	11	68.100	2.3e-006	582.32	0.3	2	9/18	10146
141	R.TNAENEFVTIK.K	NA	3	82.250	1.2e-007	633.32	0.6	2	8/20	8961
142	K.LATEIASK.S	NA	1	26.950	0.043	416.74	0.5	2	4/14	4445
