1	R.TLLEGEESR.M	NA	7	35.230	0.0039	517.26	0.7	2	'5/16	5052
2	K.EEPAEEEAEVK.S	NA	1	24.510	0.015	630.29	0.6	2	'4/20	4226
3	K.IAPGTTQSSVQGTQTVQR.K	NA	1	27.450	0.025	929.98	4.8	2	'7/34	9779
4	R.IAFSPYGNITSAK.V	NA	2	24.570	0.049	684.86	1.2	2	'7/24	12342
5	R.ETNNVIGISLK.D	NA	8	58.210	2e-005	594.33	0.6	2	'7/20	11850
6	K.MDSILAAPR.S	NA	3	29.550	0.014	487.26	3.9	2	'5/16	11841
7	K.LSIAEER.D	NA	1	28.870	0.038	409.22	1.1	2	'5/12	4844
8	R.VLDELTLAR.A	NA	4	30.400	0.015	515.30	1.1	2	'6/16	12572
9	K.VSQLVSQAGAK.E	NA	1	22.290	0.12	544.31	0.4	2	'6/20	4301
10	R.TSFTSVSR.S	NA	2	20.340	0.059	442.73	0.3	2	'6/14	4491
11	K.SISISVAR.G	NA	5	25.020	0.041	416.75	2.0	2	'3/14	11447
12	R.SLVNLGGSK.S	NA	2	33.590	0.0096	437.75	1.7	2	'5/16	5601
13	R.IELYAEK.V	NA	1	20.810	0.086	433.24	0.6	2	'6/12	11595
14	K.CINCGSSMLQQSK.R	0.0000000100000.0	5	38.950	0.00042	764.83	1.0	2	'8/24	10019
15	R.YIYEIAR.R	NA	3	24.150	0.029	464.25	2.1	2	'5/12	12586
16	K.DAEAWFNEK.S	NA	4	39.300	0.00076	555.25	1.1	2	'5/16	11536
17	R.KVPQVSTPTLVEVSR.S	NA	5	46.750	0.0001	820.47	0.4	2	'12/28	12901
18	K.LLEGEIEK.V	NA	5	31.320	0.012	465.76	1.8	2	'5/14	11236
19	R.GQTGGDVNVEMDAAPGVDLSR.I	0.000000000010000000000.0	2	22.100	0.038	1052.48	4.0	2	'6/40	9851
20	R.ELAEDGYSGVEVR.V	NA	1	72.260	7.6e-007	712.34	2.0	2	'10/24	10500
21	K.KNHKEEMSQLTGQNSGDVNVEINVAPGK.D	0.0000001000000000000000000000.0	1	39.820	0.0014	608.70	0.3	5	'13/54	13571
22	K.AQAIIDAAK.M	NA	2	20.530	0.1	450.76	2.4	2	'7/16	10262
23	K.DAIPENLPPLTADFAEDK.D	NA	1	38.450	0.0016	652.66	0.3	3	'8/34	12396
24	K.QISNLQQSISDAEQR.G	NA	2	85.780	3.4e-008	858.93	0.3	2	'11/28	10470
25	K.ISGETEESVQR.A	NA	1	25.770	0.026	412.20	1.9	3	'6/20	3806
26	K.TGQTVLTAGSAAAK.S	NA	1	50.620	0.00017	638.35	0.1	2	'8/26	10231
27	K.SAINEVVTR.E	NA	1	45.820	0.00051	494.78	2.2	2	'6/16	10439
28	K.IVITNDQNR.L	NA	1	28.090	0.021	536.79	0.5	2	'5/16	4266
29	R.ISISTSGGSFR.N	NA	3	20.820	0.072	556.29	0.2	2	'6/20	11234
30	R.EIAQDFK.T	NA	1	23.000	0.065	425.72	0.1	2	'5/12	4894
31	K.CCAADDKEACFAVEGPK.L	NA	3	64.940	3.2e-007	643.27	5.3	3	'8/32	12571
32	R.SLLEGEGSSGGGGR.G	NA	4	65.100	3.3e-006	631.80	0.2	2	'7/26	10234
33	R.TIITQSNTAAAASQQQPR.Q	NA	2	51.980	8.2e-005	629.33	0.3	3	'10/34	9906
34	K.STELLIR.K	NA	4	41.330	0.0013	416.25	1.7	2	'5/12	12347
35	K.AAAPAAVASPAAAATSADASPSPAKK.A	NA	1	70.910	1.1e-006	750.73	1.4	3	'12/50	12361
36	K.IGGIGTVPVGR.V	NA	5	56.420	1e-005	513.31	2.3	2	'8/20	11680
37	R.TNIIPIIEDAR.H	NA	1	25.750	0.02	627.85	2.5	2	'6/20	12785
38	K.DDPHACYSTVFDK.L	NA	4	50.380	2.1e-005	777.83	0.3	2	'7/24	12340
39	R.VLDELTLTK.A	NA	2	50.150	0.00013	516.30	1.6	2	'8/16	12456
40	K.VFLENVIR.D	NA	1	31.600	0.01	495.29	5.2	2	'5/14	12925
41	K.SVDTFSGPEYR.G	NA	3	42.960	0.00023	629.29	1.5	2	'9/20	10778
42	R.LGEQENVGPGEIR.Y	NA	2	88.170	1.9e-008	699.36	1.1	2	'9/24	10665
43	R.VLDELTLAR.T	NA	4	30.400	0.015	515.30	1.1	2	'6/16	12572
44	K.DDSPDLPK.L	NA	2	30.110	0.0036	443.71	0.2	2	'6/14	4631
45	R.LFDTNDNLLLVDQSK.L	NA	2	25.830	0.037	578.97	1.0	3	'7/28	12694
46	R.LAADDFR.L	NA	15	48.470	0.00024	404.20	1.1	2	'6/12	11357
47	R.ATDAYNFYTTGQAK.I	NA	1	28.940	0.012	775.86	5.7	2	'7/26	10548
48	R.VLSEQAQVEETR.S	NA	1	50.760	0.00012	694.86	1.8	2	'7/22	9948
49	K.DVIGLAETGSGK.T	NA	1	28.760	0.023	573.80	6.5	2	'8/22	10264
50	R.FSSSSGYGGGSSR.V	NA	2	63.550	7.1e-007	618.27	0.1	2	'8/24	3759
51	K.LAADDFR.I	NA	5	48.470	0.00024	404.20	1.1	2	'6/12	11357
52	R.ESDTILFVK.S	NA	3	50.340	0.00011	526.29	1.9	2	'6/16	12696
53	K.DLGEEHFK.G	NA	1	20.690	0.031	487.73	0.0	2	'6/14	333
54	K.AELNEFLTR.E	NA	1	34.700	0.0056	546.79	1.0	2	'5/16	12560
55	R.SNGIVSVTPDGLVHTK.D	NA	3	33.920	0.0058	541.96	0.3	3	'7/30	12792
56	K.LLEGEECR.L	NA	6	31.660	0.006	503.24	0.1	2	'6/14	4332
57	K.LLEGEECR.M	NA	1	31.660	0.006	503.24	0.1	2	'6/14	4332
58	R.LAADDFR.T	NA	20	48.470	0.00024	404.20	1.1	2	'6/12	11357
59	R.GDGPIALVLAPTR.E	NA	2	29.660	0.0067	640.37	1.5	2	'5/24	12905
60	K.ELQSQLQR.L	NA	1	27.040	0.033	501.27	0.1	2	'6/14	4370
61	K.LITPSVVSER.L	NA	2	29.870	0.013	550.82	1.0	2	'7/18	11729
62	R.LLDDTAR.D	NA	1	20.160	0.27	402.22	1.1	2	'4/12	4281
63	K.YLYEIAR.R	NA	6	24.150	0.029	464.25	2.1	2	'5/12	12586
64	R.AETECQNTEYQQLLDIK.I	NA	2	36.860	0.0019	1041.99	2.4	2	'6/32	12345
65	R.NVPVITGSK.D	NA	1	22.960	0.071	457.77	2.4	2	'4/16	4928
66	K.IVQAEGEAEAAK.M	NA	1	45.660	0.00032	608.31	0.1	2	'8/22	3937
67	K.AEFVEVTK.L	NA	6	36.840	0.0025	461.75	0.1	2	'6/14	5370
68	K.WELLQQVDTSTR.T	NA	2	52.500	8.5e-005	738.38	1.7	2	'7/22	12765
69	K.NNASTEYDLTDK.S	NA	1	36.710	0.0011	685.81	4.2	2	'9/22	9888
70	R.NIIYANGPQR.S	NA	1	23.450	0.088	573.31	3.3	2	'6/18	10611
71	K.LAADDFR.T	NA	5	48.470	0.00024	404.20	1.1	2	'6/12	11357
72	K.YICDNQDTISSK.L	NA	6	46.600	9.6e-005	722.32	0.4	2	'10/22	10177
73	K.IEITNGDETK.R	NA	5	43.510	0.00062	560.28	1.3	2	'7/18	10040
74	K.CCTESLVNR.R	NA	4	50.620	3e-005	569.75	4.6	2	'6/16	4518
75	K.YNGVFQECCQAEDK.G	NA	1	23.900	0.0041	874.36	3.2	2	'6/26	10499
76	K.NVQDAIADAEQR.G	NA	4	62.160	6e-006	665.32	5.0	2	'10/22	10436
77	R.EVFTSSSSSSSR.Q	NA	1	38.600	0.00055	630.79	2.0	2	'6/22	3888
78	K.VAPLGEEFR.E	NA	1	21.620	0.15	509.27	5.2	2	'4/16	12410
79	K.TVMENFVAFVDK.C	0.001000000000.0	3	66.040	2.6e-006	708.35	3.3	2	'8/22	12678
80	R.GLQSIAEER.V	NA	1	42.860	0.00076	501.77	1.5	2	'7/16	10728
81	R.FLEQQNQVLQTK.W	NA	12	60.980	1.2e-005	738.40	2.7	2	'9/22	10512
82	K.QTALVELLK.H	NA	5	49.880	6.2e-005	507.81	1.1	2	'8/16	13651
83	R.ALEESNYELEGK.I	NA	5	57.670	1.4e-005	691.33	2.2	2	'8/22	10626
84	R.LLLPGELAK.H	NA	5	44.060	3.9e-005	477.30	1.8	2	'8/16	12862
85	R.AQLLDACK.A	NA	1	34.810	0.0039	459.74	1.0	2	'5/14	4908
86	R.VATVSLPR.S	NA	34	56.190	3.7e-005	421.76	0.8	2	'7/14	11318
87	R.MTLDDFR.I	NA	1	33.960	0.0029	449.21	1.1	2	'6/12	12409
88	R.VISSIEQK.T	NA	1	22.900	0.12	452.26	0.4	2	'4/14	4147
89	R.RHPEYAVSVLLR.L	NA	3	61.540	5.8e-006	480.61	1.3	3	'12/22	13688
90	K.EYTAAIEAK.Q	NA	1	21.120	0.094	498.26	1.6	2	'7/16	4755
91	K.DAFLGSFLYEYSR.R	NA	2	71.270	6.2e-007	784.37	0.7	2	'8/24	13244
92	K.TCVADESHAGCEK.S	NA	4	44.540	8.3e-005	488.53	0.5	3	'7/24	3184
93	K.IEITNGDETKR.G	NA	3	40.170	0.0016	425.89	0.5	3	'6/20	4187
94	R.VVTITGTR.G	NA	1	28.040	0.018	423.76	0.9	2	'5/14	4564
95	R.QLDSIVGER.G	NA	6	52.250	0.0001	508.77	1.0	2	'7/16	11228
96	R.IGVLDESR.M	NA	3	38.880	0.003	444.74	6.5	2	'5/14	11390
97	K.INISVPNLR.L	NA	3	20.450	0.04	513.31	2.3	2	'7/16	11680
98	R.GNSATGAALGR.T	NA	1	67.520	2.8e-006	487.75	0.0	2	'9/20	3643
99	R.QEYEQLIAK.N	NA	3	45.350	0.00032	561.30	1.4	2	'7/16	10724
100	R.EVATNSELVQSGK.S	NA	2	56.080	4.2e-005	681.35	0.1	2	'9/24	9848
101	K.AEEILER.G	NA	1	24.310	0.065	430.23	0.3	2	'4/12	4816
102	K.EQVATISSTVVTAHK.L	NA	2	39.890	0.001	785.92	1.8	2	'9/28	12512
103	K.TSVLQETR.T	NA	1	30.250	0.022	467.25	0.4	2	'5/14	4372
104	K.QEIAEINR.M	NA	2	22.340	0.1	486.76	0.4	2	'4/14	4689
105	K.CINCGSSMLQQSK.R	NA	1	20.240	0.022	756.83	5.0	2	'6/24	10058
106	R.EGIEESYR.L	NA	1	22.790	0.023	491.73	0.4	2	'6/14	4651
107	R.VIEVPAKD.-	NA	1	22.780	0.037	435.75	1.3	2	'4/14	4794
108	K.QSIEVPIIGNTMLAPK.C	0.0000000000010000.0	2	27.720	0.014	576.32	2.8	3	'10/30	12548
109	R.LGEHNIDVLEGNEQFINAAK.I	NA	5	43.980	0.00046	737.71	0.5	3	'11/38	13045
110	K.SHCIAEVEK.D	NA	3	36.750	0.0017	536.76	0.5	2	'7/16	4203
111	R.QGVDADINGLR.Q	NA	6	66.050	3.2e-006	579.30	0.4	2	'9/20	10866
112	R.TLLSSSVQK.S	NA	2	35.400	0.003	481.78	1.0	2	'7/16	10801
113	K.VAPVEAVTISSNR.L	NA	1	22.850	0.068	671.87	0.1	2	'5/24	10493
114	R.YTITGNQVGETK.I	NA	3	73.570	4.9e-007	655.83	0.2	2	'8/22	10389
115	K.VTMQNLNDR.L	0.001000000.0	5	36.680	0.0031	553.77	0.8	2	'5/16	3357
116	R.FSSCGGGGGSFGAGGGFGSR.S	NA	1	118.620	5.8e-012	883.37	1.1	2	'14/38	10572
117	R.YVIGTSSK.V	NA	1	24.400	0.022	427.73	0.1	2	'6/14	4313
118	K.EYEATLEECCAK.D	NA	5	67.280	2.8e-007	751.81	1.6	2	'9/22	10106
119	K.EACFAVEGPK.L	NA	3	48.010	0.00012	554.26	0.6	2	'7/18	10633
120	R.ISGLIYEETR.G	NA	7	48.580	0.00018	590.81	1.0	2	'7/18	12334
121	K.IEISELNR.V	NA	4	44.910	0.00052	487.27	0.8	2	'7/14	11408
122	R.SLDLDSIIAEVK.A	NA	5	68.740	1.9e-006	651.86	1.1	2	'10/22	13348
123	K.NMQDMVEDYR.N	0.0100100000.0	3	41.290	7.4e-005	666.76	1.7	2	'6/18	10092
124	R.SQYEQLAEQNR.K	NA	1	47.340	0.00017	683.32	4.8	2	'7/20	9928
125	K.YEELQQTAGR.H	NA	6	40.800	0.00078	597.79	1.9	2	'6/18	9978
126	K.QSLEASLAETEGR.Y	NA	1	87.230	3.1e-008	695.84	0.2	2	'11/24	11376
127	R.YLDGLTAER.T	NA	4	32.500	0.007	519.27	2.2	2	'6/16	11593
128	R.AGLQFPVGR.I	NA	7	21.640	0.11	472.77	4.1	2	'4/16	12507
129	K.YENEVALR.Q	NA	3	30.520	0.013	497.25	0.3	2	'4/14	10641
130	R.SQYEQLAEQNRK.D	NA	3	50.980	9e-005	747.37	2.8	2	'7/22	12592
131	K.DSYVGDEAQSKR.G	NA	1	25.480	0.024	677.82	0.3	2	'6/22	3775
132	K.NMQDMVEDYR.N	0.0100000000.0	1	24.290	0.0037	658.77	6.2	2	'7/18	10214
133	K.SKAEAESLYQSK.Y	NA	3	62.290	6.9e-006	670.84	3.1	2	'10/22	12651
134	K.TGEADIFAAK.K	NA	1	40.700	0.00086	511.76	2.5	2	'9/18	11451
135	M.VNFTVDEIR.G	NA	1	31.800	0.011	546.79	1.2	2	'6/16	12298
136	K.YGQVVSTR.I	NA	1	29.160	0.013	455.24	2.8	2	'5/14	3945
137	K.LSSPATLNSR.V	NA	7	66.030	4.4e-006	523.29	1.1	2	'8/18	10328
138	K.LNALTEQLR.L	NA	5	52.140	7.5e-005	529.30	1.7	2	'6/16	11665
139	K.TLLDIDNTR.M	NA	4	40.900	0.002	530.78	1.2	2	'6/16	12317
140	R.EFTGLGNCLTK.I	NA	2	24.290	0.046	620.31	0.4	2	'8/20	11777
141	K.AEFAEVSK.L	NA	1	20.900	0.11	440.72	0.8	2	'5/14	4580
142	K.VLGQDNAVVQFK.I	NA	2	36.490	0.0039	659.36	2.6	2	'8/22	11835
143	R.SGGGGGGGLGSGGSIR.S	NA	5	72.010	7.1e-007	616.80	0.2	2	'9/30	4142
144	K.GCEVVVSGK.L	NA	1	37.940	0.0022	467.74	0.3	2	'5/16	3820
145	R.ALDTMNFDLVR.N	0.00001000000.0	1	32.020	0.0072	655.82	2.7	2	'7/20	12441
146	K.ELEGVCNPIITK.L	NA	2	24.860	0.059	686.86	0.9	2	'7/22	11596
147	R.ETYGDMADCCEK.Q	0.000001000000.0	5	40.910	8.1e-005	747.76	0.3	2	'6/22	3655
148	K.VTMQNLNDR.L	NA	5	26.680	0.035	545.77	0.2	2	'4/16	10210
149	R.DNIQGITKPAIR.R	NA	7	43.440	0.00034	663.38	2.1	2	'6/22	12687
150	R.EDLAALEK.D	NA	2	24.620	0.038	444.74	1.1	2	'5/14	10528
151	K.STMQELNSR.L	0.001000000.0	8	41.580	0.00039	541.25	0.1	2	'7/16	3874
152	R.VCTLSITDPGDSDIIR.S	NA	2	52.910	6.9e-005	881.44	0.1	2	'8/30	12328
153	R.VSQELTVR.A	NA	1	42.880	0.0011	466.26	0.3	2	'7/14	4599
154	R.TILLNSEGEAVANLDR.I	NA	1	26.730	0.028	857.95	2.5	2	'5/30	12447
155	K.SLHTLFGDELCK.V	NA	3	25.480	0.042	473.90	0.0	3	'8/22	13153
156	R.LASYLDK.V	NA	14	37.870	0.0015	405.22	0.2	2	'5/12	5136
157	R.AAAIVNAIR.E	NA	2	40.470	0.0006	449.78	6.6	2	'6/16	11730
158	R.DLVGVAQTGSGK.T	NA	1	42.030	0.0013	566.30	6.8	2	'6/22	9876
159	K.MDSILAAPR.S	0.100000000.0	7	64.150	4.6e-006	495.26	0.9	2	'8/16	11491
160	R.TAAENDFVTLKK.D	NA	2	21.320	0.1	446.24	0.6	3	'6/22	12800
161	R.DVSGEALQDADEASSTPTGR.R	NA	2	44.360	0.00012	669.30	2.8	3	'7/38	9391
162	R.HPEYAVSVLLR.L	NA	2	36.910	0.0019	428.58	0.0	3	'12/20	13235
163	K.LSDGGVVNR.L	NA	1	31.820	0.011	458.75	0.0	2	'5/16	4025
164	K.YEELQITAGR.H	NA	5	61.300	1.1e-005	590.30	0.5	2	'9/18	10795
165	R.SSNEQIVYINK.H	NA	2	25.830	0.034	647.84	3.7	2	'5/20	10235
166	R.SCAAAGTECLISGWGNTK.S	NA	3	62.530	3.4e-006	941.93	0.4	2	'11/34	11757
167	K.ETGENVVESIVR.E	NA	1	42.660	0.00071	666.34	3.2	2	'6/22	12266
168	K.LGEYGFQNALIVR.Y	NA	3	85.750	3.1e-008	740.40	1.8	2	'9/24	12931
169	K.AGFAGDDAPR.A	NA	2	40.270	0.00082	488.73	4.5	2	'7/18	4581
170	R.DDEVQVIR.G	NA	1	49.660	0.00015	487.25	0.9	2	'6/14	5312
171	R.TVDGVTNIELEEK.S	NA	1	29.130	0.023	723.87	0.3	2	'6/24	10618
172	K.FAAAASASAAPAAGGATEK.K	NA	2	35.700	0.0039	810.41	6.4	2	'8/36	9841
173	K.VNNLGNNVTFER.S	NA	1	33.720	0.0069	688.85	0.7	2	'7/22	10751
174	R.SSQDDTFGDSFNVR.N	NA	8	75.950	4.4e-008	787.84	1.2	2	'9/26	11303
175	K.ADAQNGGEAVTVAGGDVGGAR.I	NA	1	22.020	0.046	936.44	6.1	2	'6/40	9618
176	R.AGESSLEECK.L	NA	1	20.000	0.033	555.24	4.7	2	'4/18	3623
177	R.LENEIQTYR.S	NA	2	44.540	0.00046	583.30	1.7	2	'8/16	10625
178	R.TNAENEFVTIKK.D	NA	6	53.320	6.8e-005	697.37	2.9	2	'9/22	12888
179	K.DFAAGGISAAVSK.T	NA	2	52.010	8.6e-005	597.31	2.8	2	'10/24	10479
180	K.DIPGLTDTTIPR.R	NA	2	53.370	4.9e-005	649.85	2.1	2	'8/22	11448
181	K.SAYVNQEVLK.D	NA	3	25.970	0.024	575.81	1.9	2	'6/18	10526
182	K.LSVVESDNLFPTK.T	NA	3	85.220	4.7e-008	724.88	2.4	2	'12/24	12525
183	R.MSGECAPNVSVSVSTSHTTISGGGSR.G	0.10000000000000000000000000.0	1	33.010	0.0033	861.06	1.4	3	'7/50	12394
184	K.VQALEEANNDLENK.I	NA	1	84.580	5.7e-008	793.89	1.0	2	'11/26	10271
185	R.STSSFSCLSR.H	NA	3	39.040	0.00051	566.26	0.8	2	'5/18	10505
186	R.QVVDVCDEFSK.E	NA	1	42.730	0.00023	663.30	1.6	2	'9/20	10555
187	K.EYEVVGR.K	NA	1	21.830	0.065	426.22	0.4	2	'5/12	4569
188	R.SLEEQADVNLASAK.E	NA	2	49.240	0.00019	737.88	5.6	2	'10/26	10456
189	K.AEAESLYQSK.Y	NA	5	62.420	6.4e-006	563.27	0.9	2	'6/18	10120
190	R.GFSSGSAVVSGGSR.R	NA	2	42.380	0.00061	627.81	4.3	2	'8/26	10121
191	K.KVPQVSTPTLVEVSR.N	NA	5	46.750	0.0001	820.47	0.4	2	'12/28	12901
192	K.TITLEVEPSDTIENVK.A	NA	4	24.320	0.07	894.47	0.3	2	'6/30	11809
193	K.ECADLWPR.I	NA	1	27.150	0.0094	523.74	0.5	2	'6/14	12356
194	R.SLVGLGGTK.S	NA	4	33.530	0.0082	416.25	0.6	2	'7/16	11743
195	K.VIKNNASTEYDLTDK.S	NA	1	25.980	0.032	570.96	1.6	3	'8/28	12693
196	K.CSICGLAFAK.A	NA	2	30.630	0.0064	563.77	1.5	2	'7/18	12458
197	R.EIQTAVR.L	NA	2	33.780	0.01	408.73	0.0	2	'5/12	3734
198	R.ISVETNGEK.I	NA	2	24.310	0.074	488.75	0.3	2	'5/16	3762
199	K.IVDQVVGKGEEAK.Q	NA	2	32.400	0.0071	457.92	0.1	3	'7/24	12629
200	K.LVNELTEFAK.T	NA	7	50.270	0.00013	582.32	1.1	2	'7/18	12716
201	R.TNAENEFVTIK.K	NA	2	26.090	0.027	633.32	0.8	2	'7/20	11624
202	K.TLELVTPNAIK.M	NA	2	37.400	0.002	599.85	1.4	2	'8/20	12648
203	K.AANQPESTIVVVGTVTDDAR.L	NA	1	33.570	0.0058	1022.02	1.3	2	'8/38	11300
204	R.LKEEAAATTAAAAAATTTSA.-	NA	3	85.370	4.4e-008	910.97	0.3	2	'12/38	10041
205	K.AVALLNAK.K	NA	1	22.160	0.061	400.25	2.1	2	'5/14	5475
627	NA	NA	NA	NA	NA	NA	NA	NA	NA	#		Serial (sequential) number for peptide.
