1	K.ECCDKPLLEK.S	NA	2	24.810	0.028	646.30	2.0	2	'6/18	5123
3	K.ALLWDLNDGK.N	NA	1	53.310	8.3e-005	572.80	0.1	2	'6/18	9722
4	K.IYTILGQDYDER.V	NA	2	30.850	0.0076	495.91	1.3	3	'8/22	8853
5	K.AQAIIDAAK.M	NA	1	42.120	0.00073	450.76	1.2	2	'5/16	5307
6	K.SITGTAAPPLTLTAK.K	NA	1	11.270	0.8	721.42	4.7	2	'5/28	8063
7	K.VIKNNASTEYDLTDK.S	NA	1	26.230	0.029	570.96	2.0	3	'8/28	5810
8	K.ADDVSLEDYTK.K	NA	1	42.190	0.00031	628.29	4.4	2	'6/20	7064
9	K.IVDQVVGKGEEAK.Q	NA	3	30.560	0.014	457.92	1.3	3	'6/24	5300
10	K.SLHTLFGDELCK.V	NA	4	24.220	0.061	473.90	0.9	3	'7/22	9389
11	R.DLPGALDETGLIER.M	NA	1	22.390	0.073	749.89	0.7	2	'6/26	9653
12	R.GLQSIAEER.V	NA	2	60.410	1.3e-005	501.77	1.7	2	'7/16	6091
13	K.TVEELRPEVVSPTSK.A	NA	3	13.430	0.62	835.95	1.9	2	'5/28	6736
14	R.VKLPSGAK.K	NA	1	26.810	0.021	400.26	0.5	2	'7/14	4485
15	K.DLQSEVVIK.E	NA	1	5.180	6	515.79	5.1	2	'5/16	7454
16	K.YASLVEER.D	NA	1	32.420	0.0066	483.75	3.8	2	'6/14	5944
17	K.TATAPVNILGAK.C	NA	1	31.610	0.0047	578.34	0.0	2	'6/22	7672
18	R.YEDQLLQQQR.V	NA	1	27.250	0.034	660.83	0.2	2	'8/18	6502
20	K.STELLIR.K	NA	4	38.500	0.0026	416.25	0.5	2	'5/12	10147
21	K.LITPSVVSER.L	NA	1	41.520	0.00095	550.82	0.2	2	'6/18	7145
22	R.RSETVSTQTQGLGSPAASSSTTR.Q	NA	1	25.100	0.037	770.38	3.2	3	'8/44	5321
23	R.AGESSLEECK.L	NA	1	36.130	0.00099	555.24	0.4	2	'7/18	4079
24	K.QTGPIVISK.-	NA	1	22.800	0.058	471.79	2.9	2	'7/16	5929
25	K.LALDSIAK.D	NA	1	11.920	0.93	415.75	0.8	2	'5/14	7308
26	R.ELLTLDEK.D	NA	1	16.060	0.41	480.77	1.6	2	'6/14	7562
27	K.TGPQANRTGPQGLR.T	NA	1	7.890	1.9	484.93	0.3	3	'4/26	4665
28	R.SGDCPILVATAVAAR.G	NA	1	21.710	0.12	750.90	0.1	2	'5/28	9032
29	K.VQSVDLSLDK.E	NA	1	52.440	8.5e-005	552.30	1.3	2	'8/18	7106
30	K.TTGEIVSIK.Q	NA	1	31.870	0.012	474.27	0.1	2	'4/16	6261
31	R.VALPLAQIK.N	NA	1	1.230	1	476.81	1.1	2	'3/16	8586
32	K.IYETPETEYK.I	NA	1	25.010	0.022	636.80	2.3	2	'5/18	5900
33	K.ATINMLR.I	NA	1	11.250	1.6	409.73	3.1	2	'3/12	6710
34	R.FGDVTQVTR.N	NA	1	37.930	0.0026	511.77	6.1	2	'8/16	6149
35	K.DDSPDLPK.L	NA	6	33.320	0.0017	443.71	0.1	2	'5/14	5201
36	K.GNFTSSVVITNLPK.T	NA	1	36.900	0.0025	738.91	0.9	2	'8/26	8854
37	K.AALDSLGESSLR.T	NA	1	40.190	0.0019	609.82	5.0	2	'9/22	7591
39	R.LITESTVEEK.I	NA	1	3.910	5.5	574.81	0.3	2	'3/18	5607
40	R.TEDVVVDSR.V	NA	1	26.330	0.038	510.25	0.6	2	'7/16	4772
41	R.APSTYGGGLSVSSR.F	NA	1	44.510	0.00038	669.84	5.9	2	'8/26	6134
42	K.TGEADIFAAK.K	NA	1	52.190	7.2e-005	511.76	0.4	2	'6/18	7169
43	R.VVTITGTR.G	NA	1	39.110	0.0012	423.76	0.5	2	'5/14	5158
44	R.EELSNILTQLR.K	NA	1	24.830	0.057	658.36	0.5	2	'5/20	10246
45	R.ALKAWSVAR.L	NA	1	26.710	0.025	501.30	1.8	2	'5/16	6839
46	K.HLVDEPQNLIK.Q	NA	9	43.790	0.00048	653.36	0.1	2	'15/20	7828
47	K.LFTFHADICTLPDTEK.Q	NA	1	22.620	0.061	636.65	0.1	3	'8/30	9667
48	K.GGPPGLGIGLK.V	NA	1	18.470	0.085	483.29	0.5	2	'6/20	7957
49	R.GSTGTLGNFAK.A	NA	1	34.440	0.0044	526.77	2.6	2	'7/20	6189
50	K.IDCGEAAPR.T	NA	1	32.540	0.0026	494.73	0.0	2	'6/16	4039
51	K.TGQTVLTAGSAAAK.S	NA	1	26.260	0.046	638.35	0.3	2	'7/26	5471
52	K.SLNNQFASFIDK.V	NA	1	55.890	3e-005	692.35	1.6	2	'8/22	9363
53	K.DLQNVNITLR.I	NA	1	4.060	4.7	593.33	0.2	2	'3/18	8253
54	K.ELEGVCNPIITK.L	NA	2	51.610	0.00011	686.86	0.9	2	'7/22	7781
55	R.VLITTDLLAR.G	NA	1	30.010	0.0058	557.85	1.0	2	'5/18	9430
56	R.LNCSGNFR.L	NA	1	24.580	0.026	484.22	2.5	2	'6/14	4756
57	K.NTLLLQGR.R	NA	1	28.270	0.026	457.77	0.9	2	'5/14	6852
58	K.SSENVKGVGACLNAK.S	NA	1	28.190	0.024	511.93	4.2	3	'8/28	5355
59	R.IASNASSIA.-	NA	1	11.110	1.7	417.22	3.0	2	'3/16	5266
60	K.GDVGPGAGEVEFR.G	NA	1	52.820	4e-005	645.31	2.9	2	'8/24	6996
61	R.STITSREIQTAVR.L	NA	1	15.900	0.3	487.94	2.4	3	'5/24	6437
62	K.VFLENVIR.D	NA	2	33.310	0.0045	495.29	3.8	2	'6/14	9296
63	K.YGDITQDDAPEFR.-	NA	1	41.670	0.00051	763.84	1.8	2	'7/24	7551
64	K.LSEAAQLLNVSEEK.S	NA	1	14.160	0.7	510.94	0.8	3	'9/26	8424
65	K.LELQQLR.Q	NA	1	8.450	1.3	450.27	2.1	2	'3/12	7725
67	R.NEGGLYPQPEATFVK.E	NA	1	28.030	0.031	825.41	0.1	2	'5/28	8309
68	K.SAINEVVTR.E	NA	1	47.430	0.00035	494.78	1.6	2	'6/16	5902
69	R.DSELELAR.R	NA	1	24.750	0.039	466.74	4.7	2	'5/14	6476
70	R.VGGTAPTSFK.R	NA	1	27.430	0.024	482.76	0.4	2	'7/18	5149
71	R.SGFNDSYGR.S	NA	1	36.720	0.0006	501.72	1.4	2	'7/16	5214
72	R.TVNLVTDPSER.V	NA	1	26.300	0.039	615.82	3.1	2	'5/20	6450
73	K.NAQLSDVASPNSK.L	NA	1	42.180	0.00075	665.83	5.3	2	'6/24	5219
74	R.AGVSQVLNR.L	NA	1	21.140	0.099	472.27	0.8	2	'6/16	5829
75	R.VAPEEHPVLLTEAPLNPK.A	NA	1	15.830	0.31	489.27	3.2	4	'7/34	8385
76	K.STCAQCGYPAAK.L	NA	2	20.570	0.02	438.53	0.0	3	'7/22	4144
77	R.ESVADLNR.S	NA	1	18.850	0.14	452.23	0.3	2	'4/14	5126
79	R.DLMACAQTGSGK.T	NA	1	24.080	0.021	619.78	0.7	2	'6/22	5858
80	R.IAFVAIDCTK.L	NA	1	66.360	4.3e-006	569.30	0.4	2	'7/18	8319
81	R.QIASKEASADYAK.L	NA	1	34.230	0.0047	461.24	0.1	3	'8/24	4294
82	R.LQAGYQLTTSGK.F	NA	1	44.550	0.00056	633.84	0.5	2	'9/22	6195
83	R.NNEAISILAK.D	NA	1	23.900	0.083	536.80	6.4	2	'7/18	7642
84	R.QQIAEIEK.Q	NA	1	11.600	1.1	479.76	0.3	2	'5/14	5142
85	R.VAEKVELQNLNDR.L	NA	1	41.390	0.00074	509.94	3.3	3	'8/24	6408
86	K.LQCTLCK.E	NA	1	8.600	1.7	461.73	0.3	2	'4/12	4631
87	R.VLSIGDGIAR.V	NA	1	45.770	0.00035	500.79	0.2	2	'6/18	7648
88	K.DGDFTPEAFR.T	NA	1	20.540	0.045	577.76	0.3	2	'5/18	8152
90	R.IGQPIMSVR.S	0.000001000.0	1	1.070	13	508.78	0.2	2	'3/16	5575
91	K.CCAADDKEACFAVEGPK.L	NA	3	75.350	4.1e-008	643.27	1.1	3	'15/32	6340
92	R.SQAATPAPPYDLR.D	NA	1	37.590	0.0022	693.85	0.9	2	'8/24	6977
93	K.QVYETSPVK.I	NA	1	31.700	0.0092	525.78	0.4	2	'5/16	5001
94	K.CSVVGRPEYGR.L	NA	1	4.450	4.3	427.21	2.8	3	'7/20	5106
95	K.EQNQLTATTTR.T	NA	1	39.320	0.0017	631.82	1.2	2	'7/20	4538
96	K.GNIAESLLR.E	NA	1	8.120	2.5	486.78	2.7	2	'4/16	8517
98	K.MANTDLSR.L	0.10000000.0	3	40.740	0.00067	462.22	0.7	2	'7/14	3683
99	R.EEEAIQLDGLNVAQLK.E	NA	1	19.270	0.14	590.65	4.2	3	'5/30	9747
100	R.AVLVDLEPGTMDSVR.S	NA	1	24.670	0.052	801.41	0.9	2	'6/28	9306
101	R.IASDYLK.G	NA	1	3.450	4.2	405.22	0.6	2	'4/12	5747
102	R.IETNSEPAVEDQADVDAR.L	NA	1	0.620	5.7	979.95	0.5	2	'2/34	6137
103	K.ELTLDEWK.A	NA	1	19.690	0.14	517.26	0.2	2	'6/14	8658
104	K.QSVSQNLNTQK.L	NA	2	28.400	0.024	623.82	1.0	2	'7/20	4107
105	R.LGGGGGFGQR.Q	NA	1	2.890	8.8	453.23	0.3	2	'4/18	5064
106	R.QAAIDEMIVEQK.R	0.000000100000.0	1	1.190	14	695.85	3.2	2	'2/22	3832
107	K.ESYAIYIYK.V	NA	4	28.220	0.028	575.30	0.4	2	'5/16	8504
108	R.DTLYEGVNGLLEASAK.K	NA	1	60.480	1.5e-005	560.62	0.5	3	'8/30	10322
109	R.YSQTIGGSR.R	NA	1	47.620	0.00012	484.74	0.3	2	'7/16	4154
110	R.LAQFVDDGGNVLVAGSEK.S	NA	1	45.420	0.00046	606.98	0.7	3	'8/34	8723
111	K.QLSENAEINNLCK.I	NA	1	29.530	0.012	766.87	3.0	2	'7/24	6768
112	K.YICDNQDTISSK.L	NA	7	73.300	2.1e-007	722.32	0.9	2	'9/22	5241
113	K.TTVVKLES.-	NA	1	6.340	2.5	438.76	0.5	2	'4/14	5699
114	R.GFTLEELK.G	NA	1	30.130	0.012	468.76	1.6	2	'6/14	8560
115	K.VEIIANDQGNR.T	NA	3	34.970	0.0037	614.82	3.8	2	'8/20	5586
116	K.VGTRCCTKPESER.M	NA	1	13.280	0.52	527.25	2.5	3	'5/24	3986
117	K.FKAQNDIAK.T	NA	1	4.090	5.5	517.79	0.0	2	'4/16	4486
118	R.GLCAIAQAESLR.Y	NA	1	6.650	3.5	644.84	0.1	2	'3/22	8162
119	R.IINEPTAAALAYGLDK.N	NA	2	46.750	0.0004	553.97	0.0	3	'8/30	9375
120	K.LIEALQNAEALTAK.T	NA	1	5.760	4.5	495.62	1.8	3	'10/26	9141
121	R.LSSEYDAK.L	NA	1	7.120	1	456.72	2.0	2	'4/14	3963
122	R.QLLYAQQK.D	NA	1	9.820	1.4	496.28	0.5	2	'8/14	5752
123	K.LAPFIKK.Y	NA	1	9.520	0.55	408.77	1.7	2	'4/12	6343
124	R.TNNLENSTYDLCQIPK.D	NA	1	32.100	0.0064	637.30	1.0	3	'11/30	8255
125	K.VELQNLNDR.L	NA	1	68.530	1.4e-006	550.79	3.0	2	'8/16	6116
126	K.QEYDESGPSIVHR.K	NA	1	39.960	0.00066	506.24	1.8	3	'8/24	5776
127	K.DSSVNAVCYGAK.I	NA	1	33.210	0.0028	635.79	0.4	2	'6/22	5498
128	R.GGPSSNFGQANRGASNQSNVAR.L	NA	1	8.080	1.2	726.01	3.9	3	'4/42	4834
129	K.VNGRPLEQIEPK.V	NA	1	5.310	3.8	460.59	6.3	3	'6/22	6375
130	K.GVVDSEDIPLNLSR.E	NA	1	42.960	0.00055	757.40	0.3	2	'7/26	8923
131	R.NRQQPQPDQTAGFSEGGGAADPEGR.T	NA	1	15.760	0.12	857.39	2.3	3	'8/48	5834
132	R.IINEPTAAAIAYGLDK.K	NA	4	46.750	0.0004	553.97	0.0	3	'8/30	9375
133	R.TVLDPVSGDLADTR.T	NA	1	36.440	0.0034	729.88	0.9	2	'9/26	8256
134	R.SSLTPASSSAGVKR.S	NA	2	35.700	0.0051	449.91	0.4	3	'7/26	4421
135	K.ASAAAAAAVDAPK.S	NA	1	45.920	0.00025	557.30	1.0	2	'8/24	4861
136	R.IGKPTLVGETSR.F	NA	1	12.340	0.75	419.91	1.5	3	'6/22	5816
137	R.ETLNPEGR.A	NA	1	8.780	0.79	458.23	0.3	2	'4/14	4394
138	R.IINEPTAAAIAYGLDK.Q	NA	2	46.750	0.0004	553.97	0.0	3	'8/30	9375
139	R.SLGTADVIFER.R	NA	1	18.730	0.25	604.32	0.2	2	'5/20	8720
140	R.LLGPGLNK.A	NA	1	6.850	0.83	406.26	1.2	2	'6/14	6311
141	K.LGEYGFQNALIVR.Y	NA	3	98.680	1.5e-009	740.40	0.5	2	'11/24	9742
143	K.SGSGGSTGYVPTGRPR.G	NA	1	61.110	1.1e-005	512.59	0.8	3	'9/30	4876
144	K.SVAGADELAQAK.G	NA	1	37.290	0.003	580.30	0.1	2	'8/22	5669
145	K.QVHPDTGISSK.A	NA	3	41.130	0.00091	584.80	2.6	2	'7/20	4152
146	R.NFVPGSEVYGEK.R	NA	1	18.600	0.16	663.32	1.7	2	'6/22	7213
147	R.LEPDGCNVK.Y	NA	1	10.480	0.45	516.25	1.0	2	'3/16	4214
148	K.LNDLVAR.L	NA	1	37.680	0.0026	400.73	3.6	2	'5/12	5606
149	K.ASAVGSDQVEQLR.N	NA	1	31.930	0.011	680.35	4.7	2	'7/24	6079
150	K.IIAEVLR.Q	NA	1	17.920	0.13	407.26	0.7	2	'5/12	7405
151	R.DADSSVESDLKR.Y	NA	1	43.930	0.00047	441.21	0.5	3	'8/22	5614
152	K.AEEILER.G	NA	1	36.500	0.0042	430.23	0.0	2	'5/12	5497
153	R.LLQESLGGR.T	NA	1	26.380	0.037	486.78	2.4	2	'7/16	6310
154	R.LTNETNTDTEVPGVER.T	NA	2	11.970	1.3	592.29	2.6	3	'3/30	6263
155	K.VYSILEK.A	NA	1	3.520	4.8	426.25	0.7	2	'3/12	7077
157	K.NICLPAVFK.A	NA	1	28.640	0.03	531.29	2.4	2	'5/16	9541
158	R.FAPNATILR.V	NA	1	38.210	0.0023	501.79	0.3	2	'7/16	7482
159	R.DSSSQVVSNSVLGEK.D	NA	1	30.700	0.012	768.38	0.1	2	'5/28	6975
160	K.TCVADESHAGCEK.S	NA	7	63.020	1.2e-006	488.53	0.5	3	'10/24	3646
161	K.TLELEQR.D	NA	1	6.360	4.4	444.74	0.9	2	'4/12	5706
162	M.ANTPATSSAGPVLR.G	NA	2	65.380	3.8e-006	671.36	1.6	2	'8/26	5703
163	R.QADAAPLLYR.G	NA	1	46.430	0.00038	559.30	1.0	2	'9/18	7403
164	R.VQEENLR.K	NA	1	33.570	0.0043	444.23	0.6	2	'6/12	3915
165	R.EIQTAVR.L	NA	2	31.290	0.018	408.73	0.6	2	'5/12	4198
166	K.IEITNGDETK.R	NA	1	40.740	0.0013	560.28	0.8	2	'7/18	4993
167	K.DLVIIDDLPK.E	NA	1	23.210	0.03	570.83	1.5	2	'6/18	10344
168	K.STAEDDVKDQQAIAR.E	NA	1	12.710	0.61	823.90	3.2	2	'3/28	5117
169	R.TSELTLVVENVGK.H	NA	1	9.640	1.6	694.88	1.0	2	'8/24	9366
170	K.FNASQLITQR.Q	NA	1	66.990	3.3e-006	589.32	3.9	2	'7/18	8034
171	R.VINEEYK.I	NA	1	9.130	1.2	447.73	0.6	2	'4/12	4350
172	K.STMQELNSR.L	NA	1	21.570	0.083	533.25	0.8	2	'5/16	4828
173	K.LTEGCSFR.R	NA	1	29.010	0.01	485.23	1.5	2	'5/14	5203
174	K.ITYVDAR.E	NA	1	21.690	0.083	419.23	0.7	2	'4/12	5246
175	K.SQITSIQQEIER.L	NA	1	87.800	2e-008	716.38	0.1	2	'10/22	7948
176	K.VEVEDDDLER.V	NA	1	57.050	1.8e-005	609.78	0.9	2	'7/18	5915
177	R.FTQTFVLAAQSPK.K	NA	1	8.630	1.6	719.39	0.6	2	'6/24	8383
178	K.ISCAGPQTYR.E	NA	1	23.600	0.057	576.78	5.3	2	'5/18	4880
179	K.SVTELAGIGETLGGR.L	NA	1	80.810	1.4e-007	487.26	0.2	3	'10/28	9155
180	K.YLTEDDLK.T	NA	1	11.280	0.79	498.75	1.5	2	'5/14	6409
181	R.TQLSLNALTGSGSSYGK.V	NA	1	99.800	1.4e-009	842.43	1.2	2	'12/32	8608
182	R.GGQSAFTNDLTDVSR.G	NA	1	39.890	0.00096	784.37	1.3	2	'8/28	7747
183	R.IADVVYNASNNELVR.T	NA	2	15.940	0.49	838.93	4.5	2	'4/28	7952
184	K.GFEFVSSVK.E	NA	1	15.960	0.2	500.26	0.7	2	'4/16	8227
185	R.GEPIACGSTVR.L	NA	1	33.390	0.0068	573.78	0.1	2	'6/20	4856
186	K.IVLTTPVCTEK.G	NA	1	20.870	0.16	630.85	0.4	2	'6/20	7157
187	K.SDPVVSYR.E	NA	1	26.000	0.048	461.73	2.3	2	'6/14	5448
188	R.ISGLIYEETR.G	NA	6	47.020	0.00026	590.81	0.8	2	'7/18	7737
189	K.LLGTIGSESETNTAK.S	NA	1	20.100	0.17	760.89	1.4	2	'5/28	6609
190	K.TWFNQPAR.K	NA	1	3.080	7.2	510.26	0.1	2	'5/14	7294
191	K.IVDQVVGK.G	NA	1	14.090	0.57	429.26	3.0	2	'5/14	5012
192	K.SKAEAESLYQSK.Y	NA	1	20.400	0.098	447.56	0.1	3	'11/22	4911
193	R.VEMAPGVTVVNSTAQK.D	NA	1	20.070	0.18	815.93	0.2	2	'6/30	7165
194	K.CFIVGADNVGSK.Q	NA	1	44.120	0.00058	633.81	3.1	2	'8/22	7260
195	R.DAAKQTGPIVISK.-	NA	2	33.800	0.0048	443.26	1.1	3	'7/24	5773
196	R.AEAESWYQTK.Y	NA	2	24.490	0.025	606.78	0.7	2	'5/18	6295
197	R.CASIQKFGER.A	NA	1	39.220	0.0013	598.30	0.9	2	'8/18	5420
198	K.FVTISDLR.A	NA	1	19.300	0.15	475.77	2.3	2	'6/14	8415
199	K.VASLRETYGDMADCCEK.Q	NA	1	33.020	0.0005	668.95	5.2	3	'13/32	7028
200	K.SLAVSGLGVIGR.D	NA	1	2.180	5.8	564.84	0.6	2	'5/22	8879
201	K.IVITNDQNR.L	NA	1	16.790	0.29	536.79	0.7	2	'4/16	4808
202	K.DNDKLPQEVTR.A	NA	1	26.620	0.035	438.89	0.7	3	'6/20	5362
203	R.DMRQTVAVGVIK.A	0.010000000000.0	1	4.040	4.9	444.91	2.9	3	'5/22	6312
204	R.TNAPYIPIETTPISR.T	NA	1	18.720	0.27	558.30	0.2	3	'5/28	8848
205	K.AASTPAAAPPAKK.A	NA	1	9.660	0.97	590.84	3.6	2	'3/24	3428
206	K.SSTAAVAAISPGIKK.R	NA	1	25.170	0.023	467.61	3.1	3	'9/28	6107
207	R.EIAQDFKTDLR.F	NA	1	25.310	0.044	668.35	0.1	2	'5/20	7268
208	R.DEDTNYGYPQKR.L	NA	1	18.500	0.052	743.33	1.2	2	'4/22	4795
209	R.KNLEQETLSR.V	NA	1	9.340	1.9	609.33	3.5	2	'4/18	5438
210	K.ESDYFTDR.G	NA	1	45.870	3.8e-005	516.72	5.6	2	'6/14	6155
211	R.LLDDEVEK.I	NA	1	26.090	0.039	480.75	1.4	2	'7/14	5844
212	K.MDSSEPPYSEAR.Y	NA	1	35.160	0.00064	684.79	0.4	2	'8/22	5346
213	-.MLTNFESK.S	NA	1	25.940	0.019	485.24	1.1	2	'4/14	6490
214	R.IILSPGQTIVTQR.N	NA	1	7.010	0.75	713.42	0.1	2	'5/24	8171
215	R.SLVNLGGSK.S	NA	1	31.000	0.017	437.75	4.1	2	'7/16	6532
216	R.QLELLTSEAEESR.Q	NA	1	31.090	0.01	752.88	2.5	2	'5/24	8193
217	R.ADLAKYICDNQDTISSK.L	NA	1	16.180	0.23	647.98	3.1	3	'9/32	7958
218	K.QEYIVATVTK.A	NA	1	48.250	0.00017	576.32	0.7	2	'6/18	6918
219	K.NVGNVASSMAER.M	NA	1	5.330	3.7	617.80	6.7	2	'5/22	5970
220	R.QQIGGNNLNNNMGR.L	NA	1	6.620	1.9	510.58	1.1	3	'5/26	5511
221	K.YEVPAAITLCK.E	NA	1	6.710	2.9	632.83	1.4	2	'3/20	8412
222	R.AGELHGNLTQQQR.L	NA	1	38.210	0.0019	484.58	6.5	3	'6/24	4804
223	R.QDLILSNGEDR.S	NA	1	53.240	4.3e-005	630.31	0.4	2	'8/20	6809
225	R.FVPNEQR.K	NA	1	22.100	0.1	445.23	0.7	2	'5/12	4216
226	R.NFQQIQEGR.L	NA	1	16.790	0.31	560.28	1.3	2	'6/16	5510
228	R.AALNAFLYR.T	NA	1	16.000	0.35	519.79	0.5	2	'5/16	9022
229	R.LEEIPLFEK.Y	NA	1	4.660	6.4	559.31	3.5	2	'3/16	9539
230	K.AGDEATSGEAASVDKVK.S	NA	2	62.160	8.2e-006	545.60	0.6	3	'8/32	4673
231	K.NLQTENVESSDD.-	NA	1	10.710	0.089	675.78	4.5	2	'8/22	5268
232	R.DLTVGGAVTQCYR.D	NA	2	75.410	2.9e-007	720.35	1.4	2	'10/24	7599
233	K.YIDDPAEVDEQVNK.S	NA	1	62.180	4.1e-006	817.88	0.8	2	'10/26	6905
234	K.EGILADENLR.G	NA	1	1.980	8.1	565.30	0.7	2	'3/18	7417
235	R.KLLQGNPVGQSK.I	NA	1	21.760	0.046	423.58	0.9	3	'9/22	5750
236	R.TTDAEQDTIPVSGSTGFDR.G	NA	1	57.330	1.1e-005	666.31	1.2	3	'16/36	7425
237	K.VNIVPVIAK.A	NA	2	7.230	0.27	476.81	2.6	2	'4/16	8074
238	R.TQVATPTSAADPAHEEK.C	NA	1	20.700	0.1	584.95	2.5	3	'6/32	4785
239	K.VMPAVVIR.Q	0.01000000.0	5	23.940	0.065	450.77	1.0	2	'5/14	6238
241	K.EEELLLQDFSR.N	NA	1	36.250	0.0031	689.85	3.0	2	'6/20	9710
242	R.SSTGGGGNNGGSSSSYRPR.D	NA	1	3.230	2.1	595.60	2.9	3	'3/36	3504
243	R.ITPSYVAFTADGER.L	NA	1	57.840	1.7e-005	763.88	0.5	2	'8/26	8264
244	K.IAGDDEQDQNIPR.E	NA	1	19.980	0.074	490.90	1.2	3	'6/24	5373
245	K.TEVETPVVAQNNEAECPK.V	NA	1	7.920	1.3	672.32	0.1	3	'6/34	6174
247	K.KGVSASIAGR.Q	NA	1	29.930	0.015	473.28	0.8	2	'4/18	4502
248	R.SQYEQLAEQNR.K	NA	1	52.530	5.5e-005	683.32	0.6	2	'7/20	5616
249	R.IKQTEYSEIDGR.L	NA	1	42.290	0.00072	480.24	0.3	3	'6/22	5450
250	K.YLYEIAR.R	NA	14	31.440	0.0051	464.25	0.1	2	'6/12	7402
251	R.VPITDNFVIER.K	NA	1	14.130	0.6	651.86	1.6	2	'5/20	8739
252	K.TPVSEKVTK.C	NA	1	37.790	0.0026	494.79	0.6	2	'7/16	3651
253	K.AGFAGDDAPR.A	NA	1	56.170	1.3e-005	488.73	0.3	2	'8/18	5011
254	R.SKMLADQAEAR.R	0.00100000000.0	1	6.920	3.1	618.31	0.1	2	'3/20	3932
255	R.EGLTSVSSAQLDLAR.S	NA	1	37.900	0.0022	516.28	3.2	3	'9/28	8428
256	K.VSDAEEEEEEYAVEK.I	NA	1	15.020	0.047	878.37	6.6	2	'4/28	6445
257	K.VAPLGEEFR.E	NA	1	13.250	1.2	509.27	1.9	2	'5/16	7426
258	K.GVVDSEDLPLNISR.E	NA	1	42.960	0.00055	757.40	0.3	2	'7/26	8923
259	K.AQVIEALR.R	NA	1	29.060	0.013	450.27	2.4	2	'6/14	6693
260	R.WEVACCPSDR.G	NA	1	19.290	0.012	640.26	4.5	2	'6/18	6382
261	R.IITSIEQK.E	NA	1	21.320	0.093	466.28	0.6	2	'6/14	5677
262	K.ETGENVVESIVR.E	NA	1	21.760	0.087	666.34	0.0	2	'4/22	8559
263	K.STPLITAQQK.A	NA	1	35.240	0.0041	543.81	0.0	2	'7/18	5505
264	K.IEDFLER.R	NA	1	17.400	0.31	461.24	0.7	2	'4/12	7881
265	K.TESVIVLQNAAVR.A	NA	1	36.560	0.0023	467.27	2.1	3	'7/24	8007
266	R.LGDIINR.L	NA	1	1.770	10	400.73	3.6	2	'3/12	5606
267	R.NGNVGSSLSNGIFLK.E	NA	1	17.730	0.26	753.90	1.3	2	'4/28	8838
268	R.DADDAVYELNGK.E	NA	1	56.930	1.6e-005	655.30	0.5	2	'8/22	7152
269	K.VVELFDEFPK.C	NA	1	48.230	0.00028	611.82	0.7	2	'7/18	9982
270	K.ECCHGDLLECADDR.A	NA	2	70.090	9.8e-008	875.33	5.6	2	'9/26	6466
271	R.SPYEVQR.Y	NA	1	4.800	5.3	439.72	2.4	2	'4/12	4378
272	K.DAEIDVPLVLAK.L	NA	1	24.630	0.021	641.87	0.5	2	'4/22	9981
273	R.IENAIAER.K	NA	1	32.150	0.0094	458.25	0.2	2	'6/14	4765
274	R.GSEQQTSATFSQTTR.S	NA	1	9.680	0.64	814.88	1.0	2	'4/28	4986
275	R.TSYTANPNLQSLSGYPLR.N	NA	1	11.080	0.79	661.34	3.9	3	'4/34	8941
276	K.LNALTEQLR.L	NA	1	35.300	0.0036	529.30	2.0	2	'7/16	6758
277	K.LSSPATLNSR.V	NA	2	59.980	1.8e-005	523.28	0.9	2	'7/18	5370
278	K.SCGAPNHATEADFDK.I	NA	1	15.270	0.064	540.56	6.2	3	'5/28	4874
279	R.DDNRLEPDGCNVK.Y	NA	2	23.240	0.02	511.23	1.0	3	'7/24	4981
280	K.YGLNICR.Q	NA	1	22.080	0.038	448.23	0.3	2	'5/12	6820
282	K.VLQSLPEDAK.V	NA	1	19.780	0.13	550.30	6.0	2	'6/18	5955
283	K.DFDAVGFVK.D	NA	1	7.090	2	499.25	0.3	2	'4/16	8947
284	K.LILFPINEK.K	NA	1	22.480	0.071	543.83	0.4	2	'7/16	9929
285	K.DAEAWFNEK.S	NA	1	33.650	0.0028	555.25	0.6	2	'5/16	8238
286	K.DVSAQYQGALLLGDVK.E	NA	1	13.700	0.47	559.63	1.4	3	'5/30	9839
287	R.SLENVCR.D	NA	1	27.330	0.017	439.21	0.3	2	'4/12	4537
288	R.QTLPISTEEEETR.D	NA	1	27.130	0.02	766.88	0.5	2	'5/24	6617
289	R.SCNNTNLTEVR.G	NA	1	27.360	0.015	654.30	1.8	2	'8/20	5124
290	R.IESEVGQQVFNNSAK.V	NA	1	9.140	2	550.61	0.5	3	'6/28	6952
291	K.YEELQITAGR.H	NA	1	31.160	0.01	590.30	0.8	2	'7/18	7098
292	R.GGSSLLAIK.K	NA	1	42.260	0.0012	423.26	1.1	2	'6/16	7307
293	R.ADDLEDIYKK.A	NA	1	25.890	0.041	403.87	3.6	3	'5/18	6747
294	K.ELGLPER.Y	NA	1	13.160	0.4	407.23	1.7	2	'3/12	6579
295	K.SVVSEIVDLSAASK.E	NA	1	22.570	0.071	468.92	0.1	3	'6/26	10404
296	R.VTTNETITQR.L	NA	1	40.530	0.0014	581.81	0.3	2	'6/18	4476
297	K.DSYVGDEAQSKR.G	NA	1	38.900	0.0011	452.21	1.0	3	'7/22	4189
298	K.MLADQAEAR.R	0.100000000.0	3	20.500	0.088	510.74	5.0	2	'6/16	4403
299	R.DNIQGITKPAIR.R	NA	10	53.960	3.4e-005	442.59	3.8	3	'6/22	6389
300	R.KVPQVSTPTLVEVSR.S	NA	33	68.580	6.2e-007	547.32	1.2	3	'9/28	7746
301	R.SNESAGNYIGK.Q	NA	1	30.390	0.0096	570.27	0.4	2	'6/20	4792
302	K.TLGVVPAADKK.G	NA	1	22.740	0.039	549.83	0.2	2	'5/20	5385
303	R.LNPLTNVR.Q	NA	1	37.010	0.0012	463.77	0.2	2	'7/14	6701
304	R.SGPPVVNGANSK.M	NA	1	10.130	1.2	563.80	0.8	2	'5/22	4242
305	R.CVGGEVGATSSLAPK.I	NA	1	19.150	0.18	478.24	0.1	3	'6/28	6305
306	R.SLLEGEGSSGGGGR.G	NA	1	57.650	1.4e-005	631.80	4.4	2	'7/26	5539
307	K.VWNLANCK.L	NA	1	42.870	0.0006	502.75	5.5	2	'6/14	7039
308	K.NAAVSCAALVSSLR.L	NA	1	86.410	5.3e-008	709.87	1.2	2	'9/26	8450
310	K.KVPQVSTPTLVEVSR.N	NA	33	68.580	6.2e-007	547.32	1.2	3	'9/28	7746
311	R.LGQFVTQR.V	NA	1	17.310	0.29	474.77	0.4	2	'4/14	6196
314	R.SILEENNEIEPK.V	NA	1	32.960	0.0052	707.85	4.5	2	'7/22	7060
315	R.VLSEQAQVEETR.S	NA	1	48.540	0.00017	694.85	6.4	2	'9/22	5361
316	K.NTELGSDATKVQR.E	NA	1	10.620	1.4	473.58	1.5	3	'6/24	4751
317	K.TVAPPAANESESEDRAK.T	NA	1	18.560	0.12	591.29	1.5	3	'5/32	4359
318	R.EGIEESYR.L	NA	1	33.380	0.0021	491.73	1.0	2	'5/14	5204
319	K.VNLVPVIAK.A	NA	2	7.230	0.27	476.81	2.6	2	'4/16	8074
320	K.VDSIPAAK.T	NA	1	24.400	0.027	400.73	0.5	2	'7/14	4414
321	K.TEVQHYSGTNIELGTACGK.Y	NA	1	17.130	0.17	688.99	2.0	3	'10/36	6658
322	K.TITNKPTASGTASDNVTR.T	NA	2	77.650	2.7e-007	611.98	0.1	3	'12/34	4419
323	R.AAAALEENER.K	NA	1	46.650	0.00015	537.27	1.7	2	'6/18	4223
324	R.QVVDVCDEFSKEEK.L	NA	1	17.150	0.13	571.27	0.6	3	'7/26	7158
325	K.KLPAVPESK.L	NA	1	30.120	0.006	484.79	3.1	2	'4/16	5275
327	R.GETPEPTTPSSVKR.T	NA	1	15.890	0.36	743.38	3.5	2	'5/26	4504
328	R.NSSNYVNTR.T	NA	1	19.980	0.075	527.75	1.4	2	'6/16	3856
329	R.ISVETNGEK.I	NA	1	51.780	8.3e-005	488.75	0.4	2	'7/16	4188
330	R.SVNFRQQNGNAETR.E	NA	1	17.120	0.26	540.93	5.1	3	'9/26	4587
331	K.LLNTLANNTPR.S	NA	1	30.060	0.0095	613.85	1.0	2	'5/20	6858
332	K.DLGEEHFK.G	NA	1	13.810	0.15	487.73	0.5	2	'5/14	5492
333	K.AASANWYGGDAR.K	NA	1	13.740	0.26	619.78	0.8	2	'5/22	6154
334	K.SELTPEELAR.Q	NA	1	43.860	0.0005	572.79	4.1	2	'5/18	7018
335	R.TLVADISDAYTR.V	NA	1	39.610	0.0013	662.84	1.9	2	'6/22	8746
336	K.GATPHPATASVSSQSNFGSSADK.N	NA	1	31.790	0.0041	735.34	0.7	3	'11/44	5454
337	R.FLVLDEADR.M	NA	1	45.300	0.0006	539.28	0.4	2	'6/16	8541
338	R.GDEELDSLIK.A	NA	1	36.900	0.0027	559.78	0.8	2	'6/18	8430
339	K.LVLIASNTPALR.K	NA	1	39.420	0.00016	634.39	0.7	2	'7/22	8704
340	K.ENNASITECAR.Y	NA	1	22.420	0.02	632.78	4.7	2	'7/20	4454
341	R.YIYEIAR.R	NA	7	31.440	0.0051	464.25	0.1	2	'6/12	7402
342	K.GSAITGPVAK.E	NA	1	19.300	0.14	450.76	0.7	2	'5/18	4720
343	R.EVFTSSSSSSSR.Q	NA	1	7.060	0.78	630.79	2.0	2	'5/22	4396
345	K.TVMENFVAFVDK.C	NA	2	59.820	1.2e-005	700.35	1.2	2	'9/22	10704
346	K.IVIVLSGR.Y	NA	1	34.050	0.0017	428.78	0.6	2	'6/14	7892
347	R.CFLDVGLAR.T	NA	1	33.430	0.0061	525.77	0.5	2	'5/16	9231
348	R.LALTTGDEDK.A	NA	1	36.060	0.0037	531.77	0.4	2	'8/18	5625
349	R.IGVLDESR.M	NA	1	50.330	0.00019	444.74	2.9	2	'7/14	6359
350	K.GNVILSQAY.-	NA	1	16.550	0.32	482.76	0.2	2	'8/16	8239
352	K.DIPGLTDTTIPR.R	NA	2	43.550	0.00051	649.85	0.3	2	'8/22	8832
353	R.ALSANLYK.A	NA	1	1.220	8.1	440.25	1.4	2	'3/14	6180
354	K.QTFIVETVASK.G	NA	1	34.580	0.0051	611.84	0.0	2	'6/20	7754
355	R.TLNGAEICGTK.I	NA	1	24.100	0.062	582.29	0.2	2	'5/20	5410
356	K.TVNTVTILGR.V	NA	1	43.180	0.00058	537.32	0.5	2	'6/18	7574
357	K.DLEAIVQPVIAK.L	NA	1	45.680	8.2e-005	648.38	0.1	2	'7/22	9721
358	R.AVVGTDGEEIVK.A	NA	1	45.110	0.00051	608.82	2.9	2	'8/22	6369
359	K.TIGELTSK.I	NA	1	4.120	6.8	424.74	1.9	2	'4/14	5292
360	K.TPGPGAQSALR.A	NA	1	39.190	0.0013	527.79	0.8	2	'7/20	4870
361	K.TCTTLALTTVDNNDK.A	NA	3	22.510	0.074	556.27	0.1	3	'6/28	7296
362	R.ETYGDMADCCEKQEPER.N	NA	1	70.430	9.1e-008	706.61	0.1	3	'17/32	5576
363	R.AEEQGINLK.T	NA	1	25.830	0.059	501.27	0.0	2	'6/16	5384
364	K.IATLEAQQR.A	NA	1	50.790	0.00017	515.29	3.9	2	'8/16	5040
365	K.LSELGLVDGK.A	NA	1	46.140	0.00043	515.79	1.7	2	'9/18	7765
366	R.SKMLADQAEAR.R	NA	1	1.230	15	407.21	0.1	3	'5/20	4775
367	R.VLGPSPQSR.N	NA	1	39.350	0.0013	470.76	0.4	2	'6/16	4552
368	K.LNPYAEVLK.R	NA	1	18.320	0.23	523.80	0.5	2	'6/16	7915
369	R.VATVSLPR.S	NA	35	51.230	0.00011	421.76	1.4	2	'7/14	6553
370	K.ALTNNNNAGEAEQQPPK.A	NA	1	16.600	0.25	599.29	0.8	3	'4/32	4477
371	R.LSVDYGKK.S	NA	1	16.980	0.13	455.26	0.1	2	'4/14	4746
372	R.SQLETTQNTLNSAQEK.L	NA	2	32.290	0.0084	597.96	3.6	3	'11/30	5697
373	K.CDVDIRK.D	NA	1	26.910	0.039	453.23	1.1	2	'4/12	3968
374	R.ETVNINQSLLTLGR.V	NA	1	65.950	3.7e-006	779.43	1.1	2	'8/26	9642
375	K.MEIDQQLR.A	NA	1	33.360	0.0054	516.76	1.9	2	'7/14	6540
376	R.LSQKFPK.A	NA	3	25.890	0.036	424.25	1.3	2	'5/12	4682
377	K.SFNADVHR.A	NA	1	31.960	0.0051	473.23	0.3	2	'6/14	4539
378	R.SSLNDFDR.F	NA	1	25.330	0.017	477.22	1.0	2	'5/14	6032
379	K.SLPGTAASGVSSSYR.R	NA	1	58.740	1.4e-005	720.36	0.1	2	'9/28	6333
380	R.YESLTDPSKLDSGK.E	NA	1	8.920	1.3	513.92	5.3	3	'6/26	6458
381	K.FYDQFSK.N	NA	1	17.580	0.11	467.72	0.1	2	'4/12	6577
382	R.AVSVNTSDTPVPR.E	NA	1	39.930	0.0014	671.85	2.5	2	'9/24	6007
383	R.VIAHSQIR.L	NA	1	22.880	0.038	462.27	1.0	2	'7/14	4253
384	R.ILVPSCAK.A	NA	1	1.600	14	444.26	3.6	2	'5/14	5917
385	R.RPCFSALTPDETYVPK.A	NA	1	4.560	4.5	627.65	2.4	3	'5/30	8489
387	K.ASGEAAAIIAVADAR.A	NA	1	38.840	0.0017	693.37	0.4	2	'7/28	8887
388	K.APVIDLVK.F	NA	1	22.690	0.0094	427.77	0.0	2	'6/14	7962
389	K.DGAISEASDAK.L	NA	1	32.350	0.0042	532.25	2.4	2	'7/20	4226
390	R.FGNVLELR.I	NA	1	49.350	0.00019	474.27	1.0	2	'6/14	8653
391	R.QLDSIVGER.G	NA	1	24.790	0.068	508.77	4.3	2	'6/16	6554
392	K.ITAFVPR.D	NA	1	38.250	0.0018	402.24	0.6	2	'5/12	6823
393	K.LQEPLLLLGK.E	NA	1	35.530	0.00028	562.36	0.4	2	'7/18	9948
394	K.AGLENSLAETECR.Y	NA	1	5.150	2.9	725.34	6.1	2	'3/24	6334
395	K.VTMQNLNDR.L	0.001000000.0	3	33.840	0.0059	553.77	0.8	2	'5/16	3834
396	K.AVDSLVPIGR.G	NA	1	29.450	0.0061	513.80	2.8	2	'5/18	8050
397	K.VAEIEEPSTQESDK.K	NA	1	49.440	0.00011	781.36	0.3	2	'8/26	5328
398	K.QLIVGVNK.M	NA	1	17.670	0.13	435.77	0.9	2	'6/14	6339
399	K.AGSFETAFR.L	NA	1	15.790	0.16	493.24	4.1	2	'5/16	7317
400	R.QQNTAPKVNDER.Q	NA	1	43.570	0.00047	467.24	0.1	3	'6/22	3539
401	K.NVSESIVAPITDETDDAGSTPISR.A	NA	1	54.020	6.9e-005	825.40	1.5	3	'8/46	8911
402	K.NNVLALYVTSAK.S	NA	1	0.470	11	646.86	0.6	2	'3/22	9058
404	R.LIAEDVQDR.N	NA	1	34.480	0.0037	529.78	0.4	2	'6/16	5639
405	R.AILVTNLTSDATEADLR.K	NA	1	87.270	2.4e-008	901.98	1.8	2	'9/32	9352
406	K.VLSENTLEEEKR.N	NA	1	47.550	0.00034	482.92	0.5	3	'8/22	5626
407	R.ENPGIKVTEVAK.R	NA	1	1.720	5.7	428.91	0.6	3	'4/22	5817
408	K.SEAAPSTSAEAKPEDVR.V	NA	1	55.990	1.6e-005	582.28	5.3	3	'8/32	4525
409	K.SHFANVATK.A	NA	1	28.180	0.027	487.76	1.3	2	'7/16	4780
410	K.TVAPPAANESESEDR.A	NA	1	27.370	0.012	786.86	0.5	2	'6/28	4652
411	K.CQPFAEAGAEVK.D	NA	1	20.300	0.089	653.81	1.2	2	'6/22	6547
412	K.YICDNQDTISSKLK.E	NA	1	13.030	0.63	562.28	2.6	3	'5/26	6455
414	R.QTSPQFVEQAR.T	NA	1	43.820	0.0006	645.83	7.0	2	'7/20	5785
415	R.TGGPLTVCDIR.L	NA	1	18.880	0.21	594.81	0.8	2	'4/20	7444
416	R.NVPVITGSK.D	NA	1	25.560	0.037	457.77	0.2	2	'4/16	5597
417	R.DTPVIIAPVNSTSAK.F	NA	1	26.250	0.033	756.91	2.9	2	'6/28	7760
420	K.KEGAGDGEGAEGDEAEGEEAK.E	NA	1	35.810	0.00046	678.95	0.8	3	'7/40	3798
421	R.VLVDGPLTGVPR.Q	NA	2	56.240	6.3e-006	611.86	0.2	2	'7/22	8475
422	K.TAVAPIER.V	NA	1	19.220	0.094	428.75	0.7	2	'4/14	4931
423	R.IEAAEDIAYQLSR.S	NA	1	19.790	0.14	739.88	0.3	2	'6/24	9180
424	K.SAISTLSASPK.A	NA	1	20.490	0.14	531.30	2.0	2	'8/20	6059
425	K.TAIIGDFGCGEGK.L	NA	1	40.490	0.00084	662.81	1.7	2	'7/24	7888
426	K.AAPAANAAPAASPAATADAAK.V	NA	2	9.250	1.8	593.64	1.8	3	'8/40	5269
427	R.ATPFIECNGAK.G	NA	1	40.880	0.00092	604.29	0.5	2	'6/20	6345
430	R.VSWQDLK.D	NA	1	18.930	0.29	438.23	0.3	2	'5/12	7583
431	R.EFTGLGNCLTK.I	NA	1	34.120	0.0048	620.31	0.4	2	'7/20	7764
432	R.VGFAADSIAK.F	NA	1	24.670	0.038	489.77	3.0	2	'5/18	6855
433	K.VNNLGNNVTFER.S	NA	1	77.030	3.1e-007	688.85	1.7	2	'10/22	6793
434	K.QALTQFESLQK.T	NA	1	26.420	0.029	646.85	0.5	2	'8/20	7716
435	K.QAVIFLR.R	NA	1	23.900	0.041	423.76	0.7	2	'5/12	8285
436	K.LWSLVGAEK.F	NA	1	25.430	0.054	501.78	2.9	2	'7/16	8797
438	R.AEKYQNEYIK.A	NA	1	6.810	2.5	429.22	0.1	3	'5/18	5337
439	R.SDGYILEGK.E	NA	1	30.340	0.014	491.25	1.9	2	'5/16	6475
440	R.HPEYAVSVLLR.L	NA	2	33.720	0.0043	642.36	4.4	2	'6/20	9548
441	K.TVVNQLNAVSTEER.A	NA	1	25.580	0.05	780.40	6.2	2	'9/26	7036
442	R.VKLDGSQLVK.V	NA	1	0.670	10	543.83	3.2	2	'4/18	6463
443	K.EAIDDVNKNESETNVTNAEGGAK.A	NA	1	21.910	0.038	602.03	3.4	4	'5/44	5678
444	K.YNGVFQECCQAEDK.G	NA	1	9.350	0.12	583.24	0.2	3	'7/26	6517
445	K.TVTAMDVVYALKR.Q	0.0000100000000.0	1	33.830	0.0047	494.94	0.1	3	'8/24	8682
446	K.VCILGDQQHCDEAK.A	NA	2	18.220	0.08	558.25	1.7	3	'10/26	5824
447	R.DGAGSHNWGSVK.E	NA	1	10.790	0.48	405.52	0.4	3	'8/22	5046
448	K.ALTLGDNVLSVSQPR.N	NA	2	70.280	1.3e-006	785.43	0.6	2	'12/28	9094
449	R.YYVETR.L	NA	1	9.760	0.5	415.71	0.4	2	'3/10	4714
450	K.LNVSYPATGCQK.L	NA	1	23.590	0.058	669.33	1.1	2	'7/22	6172
451	R.AVLSLQQK.H	NA	1	11.040	1.5	443.77	2.6	2	'4/14	6142
452	R.VSQRYVIGTSSK.V	NA	2	12.940	0.54	442.25	0.9	3	'5/22	5224
454	K.NLDDTIDDDRLR.I	NA	1	35.950	0.0026	487.57	0.7	3	'7/22	7071
455	R.SLDFAER.S	NA	1	19.940	0.12	419.21	0.7	2	'4/12	6590
456	R.MTDIITNEVSGADLK.Q	0.100000000000000.0	1	12.440	0.77	811.90	0.9	2	'9/28	8451
457	R.AGLQFPVGR.I	NA	8	31.150	0.014	472.77	0.6	2	'6/16	8250
458	R.VISSIEQK.T	NA	1	10.770	1.4	452.26	1.1	2	'6/14	4660
459	K.EVSSYIK.K	NA	1	16.990	0.3	413.22	3.0	2	'5/12	5430
460	K.FLVIDEADR.I	NA	1	45.300	0.0006	539.28	0.4	2	'6/16	8541
461	R.LTPEDIDR.M	NA	1	28.790	0.0081	479.75	0.7	2	'5/14	6036
462	R.SLVGLGGTK.S	NA	1	28.770	0.023	416.25	2.0	2	'5/16	6431
463	R.AVFVDLEPTVVDEVR.T	NA	1	59.990	2.1e-005	844.45	0.3	2	'9/28	10168
464	R.DAVPITEIGSQCK.L	NA	1	10.520	0.87	709.35	4.5	2	'4/24	7428
465	K.DVADPAAVHASGNGLDEVK.T	NA	1	14.200	0.59	622.31	1.4	3	'12/36	6743
466	R.SVTGDEPEEPR.S	NA	1	57.230	7e-006	608.28	0.9	2	'7/20	4506
467	K.NVPITCTWQTLR.D	NA	1	27.070	0.031	744.88	1.3	2	'5/22	8787
468	R.DPSGDLPWEEDPAGK.D	NA	1	22.920	0.03	806.86	0.1	2	'10/28	8687
469	K.EDQGTEILGR.S	NA	1	44.330	0.00039	559.28	1.0	2	'7/18	6181
470	K.TKECTTAEGNVR.M	NA	1	10.120	0.94	455.89	0.1	3	'4/22	3378
471	K.VLEQLTGQQPVFSK.A	NA	1	22.730	0.067	787.43	0.6	2	'8/26	8369
472	K.IAPGTTQSSVQGTQTVQRK.A	NA	1	37.900	0.0027	663.02	5.7	3	'10/36	4625
473	K.STLTDSLVSK.A	NA	1	33.360	0.006	525.79	0.4	2	'5/18	6902
474	R.VITCPPHMAYGAR.G	0.0000000100000.0	1	10.150	0.84	496.91	1.9	3	'5/24	5407
475	R.LIVENLSSR.V	NA	1	14.840	0.72	515.80	0.7	2	'4/16	7099
476	R.LTNVFIIGK.G	NA	1	43.820	0.00017	502.81	0.2	2	'7/16	9020
477	K.QTEYSEIDGR.L	NA	1	33.640	0.0015	599.27	4.6	2	'8/18	5366
478	K.NLQYYDISAK.S	NA	1	38.050	0.0016	607.80	2.1	2	'6/18	7376
479	R.SNNHTDQPSGQQQLAENVK.K	NA	1	17.090	0.19	699.00	1.1	3	'9/36	4942
480	R.GCPLAAVER.L	NA	1	5.440	3.1	486.75	1.1	2	'4/16	6307
481	R.ALDTMNFDLVR.N	NA	1	34.350	0.0061	647.83	1.2	2	'7/20	9699
482	K.VVNQLFEK.R	NA	1	37.830	0.0018	488.78	0.5	2	'7/14	6951
483	K.LTTNNFALGYTTK.D	NA	1	49.430	0.00015	722.38	0.6	2	'7/24	7998
484	K.QNCDQFEK.L	NA	1	4.430	0.43	534.72	0.2	2	'3/14	4006
485	R.ENCSLALLEK.S	NA	1	34.240	0.0066	588.80	0.3	2	'8/18	7902
486	R.SALASSSKEEASPVTR.V	NA	1	36.130	0.0036	540.61	4.9	3	'12/30	4815
489	R.QVYDEGGEAAIK.K	NA	1	24.730	0.042	640.31	0.8	2	'8/22	5693
490	K.LASSGTTTYEYK.S	NA	1	79.850	1e-007	660.82	0.7	2	'10/22	5304
491	R.QQLAPYSDDLR.Q	NA	1	42.590	0.00066	653.32	4.7	2	'8/20	7019
492	R.DNIQGITKPAIRR.L	NA	1	29.150	0.0099	494.62	6.2	3	'6/24	6381
493	R.QEIDSPNAGATVK.K	NA	1	73.590	5.1e-007	665.34	1.3	2	'10/24	4974
494	R.ITITNDKGR.L	NA	1	4.250	7	509.29	1.5	2	'4/16	4109
495	K.VLPSICNEVLK.S	NA	1	9.850	1.6	636.35	0.6	2	'4/20	8448
496	K.ASCIDSTAQPEAVFAAEVK.K	NA	2	58.660	1.4e-005	997.48	0.2	2	'9/36	8906
497	K.AQSSVGSSNVNTGPLYR.G	NA	1	12.720	0.83	868.93	2.0	2	'5/32	6442
498	K.ESNGEFGNELPQR.Q	NA	1	24.020	0.027	738.84	0.9	2	'5/24	6564
499	R.FPGYSAETK.S	NA	1	10.240	0.44	500.24	5.5	2	'6/16	5937
500	K.VTMQNLNDR.L	NA	3	46.100	0.00025	545.77	1.7	2	'6/16	5462
501	K.DVTNNVHYENYR.C	NA	1	16.080	0.23	508.57	0.3	3	'7/22	5832
502	K.INWICK.H	NA	1	9.380	2.6	417.22	0.1	2	'3/10	7337
503	R.SLDLDSIIAEVK.A	NA	2	41.030	0.0011	651.86	1.2	2	'5/22	11052
504	R.TIAAPINAVAETK.Q	NA	1	43.930	0.00031	649.87	0.5	2	'10/24	7295
505	K.EYTAAIEAK.Q	NA	1	26.030	0.035	498.26	1.3	2	'6/16	5372
506	K.KAYLCQPK.Q	NA	1	1.150	13	504.27	1.5	2	'2/14	4577
507	K.FLNASNR.N	NA	1	1.470	9.2	411.22	0.1	2	'4/12	4783
508	R.QDIDSPNAGATVK.K	NA	1	42.910	0.00051	658.33	0.8	2	'8/24	4953
509	K.NFGIGQNVQPK.R	NA	1	43.380	0.00061	601.32	2.0	2	'8/20	6681
510	R.SQYEQLAEQNRK.D	NA	1	31.660	0.0074	498.58	1.2	3	'5/22	5031
511	R.GAFGKPQGTVAR.V	NA	1	4.300	6	594.83	3.6	2	'6/22	4934
512	R.ELQLAECR.C	NA	1	16.350	0.3	509.75	0.3	2	'5/14	6173
513	K.FVSDGIFK.A	NA	1	9.540	0.67	456.74	0.1	2	'3/14	8160
514	K.VEQALEDQFTSGR.I	NA	2	59.190	1.1e-005	740.36	1.8	2	'9/24	7226
515	R.CTYLVLDEADR.M	NA	2	74.110	3.4e-007	677.82	1.2	2	'9/20	8262
516	K.YALNGAEVTK.I	NA	1	16.020	0.3	533.28	2.2	2	'6/18	5933
517	R.EKQLEEAR.R	NA	1	6.690	3.2	501.77	1.7	2	'3/14	6091
518	K.AEFVEVTK.L	NA	8	33.600	0.0043	461.75	1.8	2	'6/14	6105
519	R.DDLAAEQAER.E	NA	1	7.070	0.85	559.26	0.4	2	'4/18	4674
520	K.EVTPGAVSCIK.R	NA	1	45.140	0.00045	580.80	1.9	2	'7/20	6106
521	K.TTNGETAVELEPK.T	NA	1	25.350	0.034	694.85	1.9	2	'7/24	6058
522	K.QISNLQQSISDAEQR.G	NA	1	39.620	0.0014	572.96	0.2	3	'11/28	7671
523	R.MTLDDFR.I	NA	1	17.360	0.13	449.21	1.3	2	'4/12	8094
524	K.LQEVLSADSTQK.L	NA	1	57.590	2.4e-005	659.85	5.7	2	'7/22	5922
525	R.QNLSVLEAR.N	NA	1	29.790	0.019	515.29	3.6	2	'5/16	6924
526	R.AVVDESEDHSVADYYVSASAK.G	NA	1	17.600	0.1	748.01	2.5	3	'5/40	7697
527	R.ASIGGQASPAASPK.K	NA	1	44.110	0.00043	621.33	0.5	2	'7/26	4497
528	R.YRPGTVALR.E	NA	1	16.500	0.17	516.80	2.3	2	'7/16	5948
529	K.AAPAPSKVVK.K	NA	1	10.640	0.15	484.30	0.5	2	'3/18	3844
530	R.RHPEYAVSVLLR.L	NA	5	31.570	0.0055	480.61	0.2	3	'7/22	11435
531	R.TLSDYNIQK.E	NA	1	29.990	0.015	541.28	0.6	2	'7/16	5950
533	K.QLLAADYGSDLPSVK.E	NA	1	16.070	0.49	788.91	0.1	2	'4/28	8813
534	R.LNITPATNTATVQSFSQSLR.N	NA	1	114.560	5.1e-011	1075.06	5.6	2	'13/38	9324
535	R.ALEEANADLEVK.I	NA	4	24.440	0.045	651.33	4.3	2	'8/22	6643
536	R.AFLIEEQK.I	NA	1	32.110	0.01	489.27	0.1	2	'5/14	7384
538	R.EDPDEIVDLADLK.S	NA	1	80.920	9.5e-008	736.36	2.7	2	'11/24	9964
539	R.YSNIVLK.K	NA	1	9.450	0.75	418.75	0.5	2	'5/12	6319
540	K.IGGIGTVPVGR.V	NA	2	42.930	0.00023	513.31	0.2	2	'7/20	7083
541	K.IQAVVDSDAVPR.L	NA	1	21.640	0.1	635.34	1.4	2	'6/22	6686
542	K.HAVSEGTKAVTK.Y	NA	2	27.730	0.017	409.89	0.2	3	'10/22	4583
543	R.VEIIANDQGNR.I	NA	1	34.970	0.0037	614.82	3.8	2	'8/20	5586
544	R.TNIIPIIEDAR.H	NA	2	53.870	2.3e-005	627.86	1.0	2	'9/20	9428
545	R.NFVAEPMGNK.S	0.0000001000.0	1	8.560	1.1	561.77	1.2	2	'4/18	5205
546	R.NQNPPSLLDLPR.G	NA	1	6.760	2.9	455.25	0.4	3	'4/22	8993
547	K.TSFFQALSIPTK.I	NA	1	11.900	0.68	670.37	1.3	2	'7/22	10298
548	K.QGFVIYR.I	NA	1	41.410	0.00072	441.74	1.6	2	'6/12	7597
549	R.VCTLSITDPGDSDIIR.S	NA	1	49.690	0.00015	587.96	0.7	3	'9/30	8905
550	R.FTDADGNGNGAGSQGGGVAAR.D	NA	2	100.040	5.4e-010	939.92	0.1	2	'13/40	4685
551	K.VVPADQLLGEAVK.L	NA	1	54.910	1.4e-005	669.89	0.4	2	'11/24	8830
552	R.EAIDGTYIDK.K	NA	1	25.360	0.035	562.78	1.4	2	'7/18	6337
553	K.TVMENFVAFVDK.C	0.001000000000.0	11	60.770	8.4e-006	708.35	1.8	2	'9/22	10427
554	K.VFTVGCAEQGQLGR.L	NA	1	8.250	2.2	761.38	3.2	2	'6/26	7459
555	R.AAILESEGVR.E	NA	1	30.850	0.013	522.79	0.5	2	'5/18	6318
556	K.AAAPAAVASPAAAATSADASPSPAKK.A	NA	2	45.330	0.00036	750.73	2.6	3	'11/50	5934
557	R.YIDIAIPCNNK.S	NA	1	40.800	0.0016	660.83	0.5	2	'6/20	8200
558	K.CTLGIADAK.L	NA	1	24.580	0.078	474.75	5.9	2	'7/16	5936
559	R.EVYDSSNLGNR.N	NA	1	24.330	0.022	627.29	2.3	2	'8/20	5445
560	K.NILDDFDK.T	NA	1	13.580	0.5	490.24	1.6	2	'4/14	9113
561	R.ELISNASDALDK.I	NA	1	70.270	1.3e-006	638.33	0.5	2	'8/22	7192
562	R.ETYGDMADCCEK.Q	0.000001000000.0	13	57.380	1.8e-006	747.76	0.1	2	'9/22	4680
563	K.KSDDDVEEVTPR.A	NA	1	4.880	2.7	695.33	2.5	2	'3/22	4882
564	K.NQLTTNPENTVFDAK.R	NA	1	32.450	0.0095	846.41	6.4	2	'7/28	7604
565	K.LSDQNLETK.K	NA	1	13.720	0.54	524.27	1.1	2	'4/16	4606
566	K.NTSSTTTSTATATITK.S	NA	1	16.410	0.34	793.40	0.7	2	'6/30	4794
567	K.GAVDGGLNIPHSVK.R	NA	1	22.190	0.093	455.25	1.9	3	'5/26	6964
568	K.LDDTELNGR.R	NA	1	15.810	0.31	516.75	0.7	2	'4/16	5222
569	R.TDGIFNGLGPVDGK.I	NA	1	32.360	0.0091	695.35	0.3	2	'7/26	9026
570	R.SVNATVLPR.I	NA	1	23.670	0.045	478.78	0.4	2	'6/16	6144
571	K.LAAEIENNPTCR.D	NA	1	20.960	0.083	694.34	6.7	2	'5/22	5865
572	K.INGNSTVVSPLTEQK.M	NA	1	26.380	0.029	793.92	0.5	2	'6/28	6825
573	K.EETVQDPQR.K	NA	1	0.740	4.1	551.26	4.0	2	'2/16	3744
574	K.TYANLFK.S	NA	1	13.660	0.37	428.73	0.4	2	'4/12	7673
575	R.IRVWQYR.Q	NA	1	3.960	4.6	510.79	2.2	2	'3/12	6767
576	K.QVVEDDAIYSKR.C	NA	1	32.960	0.0073	474.91	4.9	3	'8/22	5736
577	K.QTALVELLK.H	NA	1	18.820	0.079	507.81	1.1	2	'4/16	9259
578	K.DVCKNYQEAK.D	NA	1	25.690	0.017	418.86	0.3	3	'6/18	3768
579	R.MTDIITNEVSGADLK.Q	NA	1	76.040	3.5e-007	803.90	0.0	2	'11/28	8633
580	R.EANQEINPALENLAR.N	NA	1	18.170	0.24	561.29	0.8	3	'7/28	8170
581	K.TLQQESQLNK.S	NA	1	19.650	0.16	594.82	1.0	2	'6/18	4641
582	K.TSTTSSLTGNPR.K	NA	1	42.440	0.00078	611.31	0.2	2	'6/22	4386
583	R.EQLLQLR.E	NA	1	37.760	0.0016	450.27	2.1	2	'5/12	7725
584	K.IIGEYGLR.N	NA	1	20.790	0.12	460.76	1.0	2	'4/14	7267
585	K.EYEATLEECCAK.D	NA	4	64.530	3.9e-007	751.81	1.3	2	'9/22	6068
586	K.FGDVEEIDVVCSK.A	NA	1	18.810	0.12	748.85	0.7	2	'5/24	8452
587	K.LNTPTGGWR.K	NA	1	27.770	0.023	501.26	3.6	2	'6/16	6417
588	R.LKEEAAATTAAAAAATTTSA.-	NA	1	30.060	0.016	607.65	1.3	3	'7/38	6953
589	R.DIEGDSSTGTEEGVAEK.M	NA	1	22.980	0.02	862.38	1.3	2	'6/32	5270
590	R.EYANDIGFK.K	NA	1	26.600	0.017	528.75	0.4	2	'6/16	6981
591	K.ATEVQFSNKPTVSNEAK.S	NA	1	29.450	0.016	617.32	1.9	3	'8/32	5584
592	K.AATGEEVSAEDLGGADLHCK.T	NA	1	25.300	0.016	677.31	1.5	3	'7/38	6846
593	K.TSEVQDAPCTPER.L	NA	1	16.280	0.086	745.33	0.3	2	'5/24	4766
594	R.SDWAPLNESK.K	NA	1	7.030	1.1	573.77	4.5	2	'6/18	7058
595	K.DETNEEAAGDEDEAAAAAPVKK.A	NA	1	36.230	0.0014	744.34	4.9	3	'8/42	5518
596	K.EAAAAEEPQPSDEGDVVAKR.E	NA	1	33.780	0.004	690.33	1.3	3	'11/38	5393
598	K.DFEVCDVPVR.S	NA	1	43.240	0.00042	618.29	0.2	2	'6/18	8331
599	K.LLVDDVQSSLLVADAK.L	NA	1	51.320	7.2e-005	562.65	0.7	3	'13/30	10104
600	R.TIDAGVCNYSR.D	NA	1	34.180	0.002	628.29	0.7	2	'7/20	5818
601	K.VPQVSTPTLVEVSR.N	NA	1	12.730	0.52	756.42	1.7	2	'5/26	8141
602	R.YVIGTSSK.V	NA	1	34.820	0.002	427.73	0.6	2	'6/14	4888
603	R.QEYEQLIAK.N	NA	1	33.080	0.0056	561.30	0.3	2	'7/16	6777
604	R.LVDECYPR.T	NA	1	27.490	0.016	526.25	1.6	2	'5/14	5692
605	R.NIVEAAAVR.D	NA	1	36.420	0.0019	471.77	2.2	2	'6/16	6130
606	K.DSYVGDEAQSK.R	NA	1	46.400	8.7e-005	599.76	0.7	2	'7/20	4367
607	K.EEPLDGDDIGTLQK.Q	NA	1	29.060	0.011	765.37	1.1	2	'9/26	7608
608	K.AAPAANAAPAASPAATADAAKVK.A	NA	1	20.980	0.093	669.36	0.5	3	'5/44	5541
609	R.DVSGEALQDADEASSTPTGR.R	NA	1	44.930	0.00015	669.31	4.6	3	'7/38	7174
610	K.VPQVSTPTLVEVSR.S	NA	1	12.730	0.52	756.42	1.7	2	'5/26	8141
611	R.GHLENNPQLEK.L	NA	1	18.980	0.2	426.89	0.9	3	'9/20	4762
612	K.TAEEVAALIR.S	NA	1	11.290	1	536.80	0.3	2	'4/18	8163
613	R.VAPPPPLETEAASK.S	NA	2	59.590	1.5e-005	469.59	1.0	3	'11/26	6539
614	R.LFEDNLNDSVK.L	NA	1	55.600	3.6e-005	647.32	0.5	2	'8/20	7526
615	R.ETNNVIGISLK.D	NA	1	25.690	0.036	594.34	0.3	2	'5/20	8219
616	R.ELAQQLNER.A	NA	1	33.450	0.0045	550.79	3.0	2	'7/16	5478
617	R.NPTQSAIGGNLTSR.M	NA	2	33.920	0.0058	708.37	6.4	2	'7/26	6096
618	R.TANLENVYIR.G	NA	1	29.590	0.014	596.82	0.6	2	'5/18	7541
620	K.ITDVLDSFSLGPSSSK.A	NA	1	47.250	0.00025	826.92	1.7	2	'7/30	10020
621	R.VVVPIAMR.V	0.00000010.0	2	10.640	1.6	450.77	3.9	2	'5/14	7017
622	K.MANTDLSR.L	NA	1	34.410	0.0053	454.22	1.5	2	'5/14	4238
623	R.TAAENDFVTLK.K	NA	1	1.380	12	604.81	2.5	2	'5/20	7466
624	R.FSSSSGYGGGSSR.V	NA	1	11.410	0.098	618.27	1.0	2	'5/24	4265
625	R.EGDILTLLESER.E	NA	1	36.540	0.004	687.86	1.2	2	'7/22	10897
626	K.SSTPEEPDDSKDELSR.T	NA	1	18.380	0.052	597.93	0.6	3	'6/30	4851
627	K.IVQAEGEAEAAK.M	NA	1	52.470	7.6e-005	608.31	0.3	2	'9/22	4385
628	K.SAVVNGKLIQTK.G	NA	2	55.010	1.9e-005	629.38	0.7	2	'8/22	5676
629	K.VAPAPLAVK.K	NA	1	22.360	0.01	433.28	0.0	2	'6/16	6011
630	R.SPAGVGSITK.I	NA	1	20.000	0.18	458.76	3.2	2	'5/18	4891
631	K.DFAAGGISAAVSK.T	NA	1	69.270	1.5e-006	597.31	0.1	2	'9/24	7694
632	K.TWIDVSGSSAK.D	NA	1	38.320	0.0022	575.79	0.8	2	'7/20	7285
633	R.IMNTNIDGK.R	NA	1	18.960	0.3	503.25	0.7	2	'6/16	5314
634	R.GGSSLLAIKK.Y	NA	1	31.920	0.0033	487.31	4.9	2	'7/18	6139
636	K.EYEAHIEQAK.V	NA	1	3.190	3.9	406.53	3.5	3	'4/18	4579
637	R.ETYGDMADCCEK.Q	NA	3	50.460	9e-006	739.77	0.1	2	'8/22	5437
638	R.VVANEKDSYELR.Y	NA	2	31.560	0.01	474.91	0.4	3	'10/22	5449
639	K.SNILVATDVAAR.G	NA	1	49.440	0.00023	615.35	0.2	2	'6/22	7632
640	R.ELETVGPK.A	NA	1	19.750	0.077	436.74	0.2	2	'6/14	4922
641	R.QEIDSPNAGATVKK.L	NA	2	27.580	0.025	486.59	0.7	3	'7/26	4398
642	K.LTPETLTR.W	NA	1	28.600	0.023	465.77	0.2	2	'6/14	5967
643	R.NQFYVPAEAK.L	NA	1	30.130	0.012	583.80	0.2	2	'7/18	6867
644	K.EEDTPPKVEFK.Q	NA	1	3.850	6	440.22	5.0	3	'3/20	6115
645	K.TITPVLDSQVAK.K	NA	1	26.840	0.027	636.36	0.0	2	'6/22	7284
646	K.VLANCGELEK.T	NA	1	25.920	0.047	566.79	0.8	2	'6/18	5525
647	K.VMPAVVIR.Q	NA	1	35.010	0.0023	442.77	0.0	2	'6/14	7457
648	K.YENEVALR.Q	NA	1	26.360	0.031	497.26	3.0	2	'5/14	5726
649	R.DVSGEALQDADEASSTPTGRR.R	NA	1	33.710	0.0035	721.34	4.5	3	'10/40	6815
650	K.CASLQKFGER.A	NA	1	39.220	0.0013	598.30	0.9	2	'8/18	5420
651	K.SYDAFLASESLIK.Q	NA	1	56.650	3.3e-005	722.37	0.3	2	'10/24	9930
652	K.AGGVCLLSA.-	NA	1	2.060	7.1	424.22	0.1	2	'4/16	8497
653	K.SHCIAEVEK.D	NA	3	33.580	0.0031	536.76	0.3	2	'9/16	4602
654	K.ATLDEDNLKTK.I	NA	2	21.950	0.13	624.33	1.5	2	'6/20	4932
655	R.SGQGAFGNMCR.G	NA	1	38.480	0.00026	592.75	0.6	2	'8/20	5826
656	K.INKSAINEVVTR.E	NA	1	70.140	1.4e-006	448.59	6.5	3	'9/22	6376
658	K.EGIPPDQQR.L	NA	2	18.520	0.15	520.26	0.4	2	'4/16	4317
660	R.DVQEIFR.S	NA	1	28.240	0.033	453.74	1.0	2	'5/12	7899
661	K.YITATYKCDAQK.L	NA	2	50.510	9e-005	731.36	0.1	2	'9/22	5044
662	K.LEDANEAGGKNSIK.C	NA	1	49.960	0.00017	482.58	0.3	3	'7/26	4087
663	R.QTVAVGVIK.A	NA	1	29.650	0.011	457.79	1.2	2	'6/16	6288
664	R.LRCASIQK.F	NA	1	1.270	13	488.27	1.5	2	'3/14	4252
665	K.KNPTVPR.C	NA	1	3.100	2.4	406.24	0.1	2	'2/12	3658
666	R.NAEANADCKGLDADR.L	NA	2	64.910	1.1e-006	540.57	0.2	3	'15/28	4349
667	R.TNAENEFVTIKK.D	NA	2	10.170	1.2	465.25	0.2	3	'7/22	6294
668	R.DYDALDIANK.I	NA	1	24.430	0.044	569.27	0.2	2	'7/18	7766
669	R.CYICDDR.C	NA	1	31.140	0.00077	501.19	1.5	2	'6/12	5002
670	K.IIKPGGSDPDDFEK.S	NA	3	37.340	0.0025	506.59	1.1	3	'8/26	6171
671	R.GLQLTQPNTNNFGR.R	NA	1	45.330	0.00053	520.60	1.1	3	'7/26	7573
672	K.IIEVGDTPK.D	NA	1	25.710	0.031	486.28	2.2	2	'7/16	5910
673	R.EVILQQEIER.L	NA	1	19.510	0.14	628.85	6.6	2	'7/18	7593
674	K.DQVSNSAFVER.V	NA	1	44.530	0.00035	626.30	1.9	2	'9/20	6102
675	R.LENEIQTYR.S	NA	1	35.130	0.0051	583.30	6.9	2	'7/16	5995
676	R.STVAQIVK.R	NA	1	2.020	11	423.26	0.5	2	'4/14	5582
677	K.YICENQDSISSK.L	NA	7	21.310	0.033	722.32	0.9	2	'6/22	5241
678	R.LLDDTAR.D	NA	1	22.100	0.17	402.22	0.1	2	'4/12	4813
679	K.LSELESLR.K	NA	1	32.940	0.013	473.76	0.3	2	'5/14	7089
680	R.IAFSPYGNITSAK.V	NA	1	70.170	1.1e-006	684.86	0.1	2	'9/24	8318
681	K.IKEEPLDGDDIGTLQK.Q	NA	1	15.550	0.32	590.98	1.9	3	'5/30	7345
682	K.SVTETGVELSNEER.N	NA	1	72.690	5e-007	775.37	0.6	2	'9/26	6300
683	K.APNMFQTR.Q	NA	1	23.540	0.062	482.74	3.8	2	'6/14	6297
684	R.AVFFVER.A	NA	1	19.460	0.11	434.24	0.6	2	'4/12	8151
686	K.SSGSSYPSLLQCLK.A	NA	1	25.810	0.028	509.59	1.6	3	'6/26	9194
687	K.ISGETEESVQR.A	NA	1	14.500	0.4	617.80	0.6	2	'5/20	4215
688	K.ELQSQLQR.L	NA	1	2.530	9.8	501.27	1.2	2	'4/14	4899
689	R.SSQLSTLKVDTK.L	NA	1	7.720	2.1	436.24	0.8	3	'7/22	5845
690	R.EIVPESAYK.N	NA	1	24.310	0.062	518.27	5.8	2	'7/16	6132
691	K.DAIPENLPPLTADFAEDK.D	NA	1	60.230	1.1e-005	652.66	2.2	3	'8/34	10231
692	R.VADIADSSNDTVTQR.H	NA	1	26.350	0.022	531.26	0.9	3	'7/28	5595
693	K.NAGFTQEER.D	NA	1	12.090	0.41	526.24	1.0	2	'5/16	4409
695	K.VASLRETYGDMADCCEK.Q	0.00000000001000000.0	1	24.510	0.0041	674.29	1.4	3	'12/32	5721
696	R.NTCVFGGAPK.G	NA	1	26.570	0.022	525.76	1.3	2	'6/18	5894
698	R.SGGGGGGGAGGGGGVGSGGSGWEAGQR.A	NA	1	45.770	6.2e-005	697.31	5.9	3	'8/52	5494
699	K.EEVQVQLGPQVR.D	NA	1	33.770	0.0056	691.38	0.4	2	'6/22	7344
700	K.ITLPGVLR.Y	NA	1	39.130	0.00024	434.78	1.2	2	'7/14	8809
701	R.FLEQQNQVLQTK.W	NA	6	65.990	4e-006	738.40	1.1	2	'10/22	6972
702	K.LKECCDKPLLEK.S	NA	1	0.460	13	511.60	0.3	3	'5/22	6578
703	K.VLKQVHPDTGISSK.A	NA	2	46.630	0.00019	503.62	2.6	3	'7/26	5975
704	K.EELVSKATDDEPAK.K	NA	2	37.440	0.0019	511.25	0.8	3	'8/26	5172
705	K.FNNVDPGTVVDR.T	NA	1	28.910	0.018	666.83	0.2	2	'7/22	6821
706	R.TTPSYVAFTDTER.L	NA	1	79.370	1.3e-007	744.35	0.3	2	'9/24	7714
707	K.MDSSEPPYSEAR.Y	0.100000000000.0	2	29.150	0.0014	692.79	0.1	2	'7/22	5166
708	K.AELNEFLTR.E	NA	1	52.420	9.5e-005	546.79	0.7	2	'6/16	8429
709	K.SVVSEEVEK.K	NA	1	31.400	0.016	503.26	0.4	2	'6/16	5071
710	K.TTELNVLNVNLR.L	NA	1	35.920	0.0045	693.39	1.4	2	'6/22	9309
711	K.DWYDVK.A	NA	1	7.390	0.97	413.19	6.1	2	'4/10	7691
712	R.VLVLVPTR.E	NA	1	17.870	0.024	448.80	1.9	2	'4/14	8125
713	K.VAPVEAVTISSNR.L	NA	2	66.650	2.8e-006	671.87	0.3	2	'8/24	6868
714	K.AAAPAAVASPAAAATSADASPSPAK.K	NA	1	29.000	0.02	1061.54	2.2	2	'7/48	6439
715	R.EAIDGTYIDKK.C	NA	1	42.640	0.00076	418.22	2.2	3	'6/20	5631
716	K.TVTNAVITVPAYFNDSQR.Q	NA	1	35.950	0.0037	666.01	1.1	3	'7/34	9504
717	R.LEQEIATYR.R	NA	3	23.770	0.07	561.79	2.8	2	'6/16	6141
718	R.LEQEIATYR.S	NA	2	23.770	0.07	561.79	2.8	2	'6/16	6141
719	K.EPQTPLYK.M	NA	1	10.310	2.4	488.26	0.6	2	'4/14	5596
721	R.ENIELEEK.E	NA	1	11.950	1.2	502.25	4.3	2	'5/14	5506
722	K.EAAPSAAKPAAAAPK.K	NA	2	50.980	0.00014	450.92	0.9	3	'10/28	3988
723	K.EACFAVEGPK.L	NA	1	51.370	4.3e-005	554.26	1.7	2	'6/18	6353
724	K.NASSLELGTLLK.E	NA	1	20.340	0.12	623.36	1.0	2	'5/22	9395
725	R.ELAEDGYSGVEVR.V	NA	1	14.870	0.3	475.23	0.4	3	'6/24	6919
726	R.ELISNASDAIDK.I	NA	1	70.270	1.3e-006	638.33	0.5	2	'8/22	7192
727	R.STISSTTTVR.K	NA	1	45.010	0.0005	526.78	1.0	2	'7/18	4420
728	R.ILASEAER.Q	NA	1	22.250	0.11	444.74	1.0	2	'5/14	4470
729	K.LSEILQFYQTK.S	NA	1	15.060	0.46	685.37	1.7	2	'6/20	9432
730	R.IIQQAVTQVSR.T	NA	1	22.160	0.087	621.86	1.5	2	'6/20	6205
731	M.VNFTVDEIR.G	NA	1	69.830	1.7e-006	546.79	0.1	2	'7/16	8016
733	R.AVKEFEANGGSSAANGGGAK.K	NA	1	20.490	0.11	607.96	3.9	3	'6/38	4607
734	K.FNDTTEALAAATAAVEGK.V	NA	1	59.770	1.6e-005	593.96	0.4	3	'9/34	10162
735	R.EILPTGGGIDDANSPK.Y	NA	1	46.930	0.00025	792.40	1.2	2	'9/30	7299
736	R.LELSGAELQR.T	NA	1	3.480	11	558.31	3.2	2	'3/18	7245
737	R.SAEVVDVVGPR.E	NA	1	51.440	8.7e-005	564.31	1.6	2	'6/20	6880
738	R.TTPLLIGSVK.S	NA	1	29.000	0.0098	514.82	0.5	2	'5/18	8143
739	K.NSIVVIDATPFR.Q	NA	1	52.250	0.0001	666.37	0.4	2	'8/22	9431
740	R.ELDQIILAPLPR.D	NA	1	17.060	0.13	459.94	4.6	3	'4/22	10353
742	R.ISLGLPVGAVMNCADNTGAK.N	0.00000000001000000000.0	1	45.750	0.00033	668.67	0.5	3	'9/38	9096
743	R.LLLPGELAK.H	NA	4	44.910	3.2e-005	477.31	0.1	2	'8/16	8945
744	R.LLEVENR.M	NA	1	27.920	0.023	436.75	0.2	2	'5/12	5764
745	K.LQAIISEAR.L	NA	1	28.810	0.018	500.79	3.1	2	'6/16	6685
746	K.LSPLAQELR.D	NA	1	47.180	0.00012	513.80	1.5	2	'6/16	7637
747	R.YQKSTELLIR.K	NA	1	5.310	1.8	417.58	0.4	3	'5/18	6938
748	K.QQVALQEIR.H	NA	1	9.590	0.96	542.81	2.6	2	'4/16	6550
749	R.TLLEGEESR.M	NA	1	39.100	0.0021	517.26	0.3	2	'7/16	5624
750	K.SSISETELER.S	NA	1	64.150	4.7e-006	575.78	0.4	2	'8/18	5825
751	K.FEAALEAER.K	NA	1	30.590	0.01	518.26	5.6	2	'6/16	6454
752	R.TQQLADIQTANEER.D	NA	2	13.110	0.89	808.90	5.4	2	'4/26	6191
753	R.DAVTYTEHAK.R	NA	2	55.560	3.6e-005	567.78	1.8	2	'6/18	4302
754	K.SQDVYLR.L	NA	1	31.530	0.0099	440.73	0.5	2	'5/12	5458
755	K.NQLTTNPENTVFDAKR.L	NA	1	66.300	4.1e-006	616.65	0.6	3	'8/30	7121
756	K.MLADQAEAR.R	NA	1	38.080	0.0016	502.75	0.7	2	'7/16	4736
757	R.LAKEYEATLEECCAK.D	NA	4	68.610	1.2e-006	907.92	1.6	2	'10/28	6756
760	K.NNASTEYDLTDK.S	NA	1	32.480	0.0019	685.81	2.7	2	'6/22	5671
761	K.DILVQYDR.T	NA	1	36.320	0.0044	511.27	0.5	2	'6/14	7561
762	R.NNNAFLLK.K	NA	1	18.210	0.27	467.26	0.0	2	'5/14	7356
763	K.VDAVNCVVCEK.A	NA	1	13.790	0.37	646.80	2.2	2	'4/20	6119
764	R.IEPNGVITVWSADTK.A	NA	2	44.480	0.00054	815.43	0.0	2	'7/28	9298
765	K.IAVHCTVR.G	NA	1	26.740	0.012	478.26	0.4	2	'6/14	4498
766	K.VPFADEAR.Y	NA	1	19.320	0.17	452.73	2.5	2	'6/14	5987
768	R.SLPVEEQPK.Q	NA	1	21.420	0.087	513.78	0.1	2	'6/16	5213
769	K.LRNEINTEEK.R	NA	1	20.920	0.11	415.89	0.2	3	'8/18	4431
770	R.YMQELYR.K	NA	1	1.670	3.6	501.74	0.6	2	'3/12	6625
772	R.ANELNNKYNQANADR.K	NA	2	39.530	0.00097	578.94	0.3	3	'7/28	4611
773	K.FAAAASASAAPAAGGATEK.K	NA	2	81.430	9.9e-008	810.40	0.1	2	'12/36	5395
774	R.QQQQQQQQLPR.L	NA	1	20.540	0.14	470.58	0.8	3	'7/20	4173
775	K.QGNFQIKPSSK.I	NA	1	11.930	1.2	411.89	0.6	3	'6/20	4985
776	R.LASYLDK.V	NA	5	25.970	0.024	405.22	0.6	2	'5/12	5747
777	R.TSTQSINENADSVEKR.Q	NA	1	42.220	0.0006	593.62	3.4	3	'9/30	4703
778	R.VTKCCTESLVNR.R	NA	1	54.560	5.2e-005	489.57	0.8	3	'7/22	4941
779	R.ISDLEAEAMLSNVTEQSK.T	0.000000001000000000.0	1	7.630	2.2	660.99	3.5	3	'4/34	8314
780	R.AIGGGLSSVGGGSSTIK.Y	NA	1	24.730	0.048	724.39	1.7	2	'5/32	6863
781	R.DEASPYAAMLAAQDVAEK.C	NA	1	7.900	1.4	627.30	0.3	3	'3/34	9795
782	K.TVTAMDVVYALK.R	0.000010000000.0	1	77.420	2.1e-007	663.85	0.4	2	'10/22	8919
783	K.NLTQDQLEDLEK.I	NA	2	57.250	2.6e-005	723.36	0.7	2	'10/22	7844
784	K.DQKEVDAALLK.V	NA	1	9.480	1.6	410.56	2.3	3	'5/20	6688
785	R.SLEEEDEESFKR.Q	NA	2	34.910	0.0022	749.34	1.6	2	'7/22	5719
786	R.TYLPSQMSR.I	NA	1	3.910	4.9	541.77	3.4	2	'3/16	6429
787	K.EDENDVLTK.K	NA	1	26.290	0.02	531.75	0.6	2	'4/16	4951
788	K.VWLDPNEINEIANTNSR.Q	NA	1	22.690	0.082	662.33	6.4	3	'9/32	10055
789	R.DTVLEYLK.K	NA	1	28.460	0.012	490.77	0.4	2	'6/14	9230
790	K.NISTDALGNTK.G	NA	1	41.940	0.0015	567.29	0.1	2	'6/20	5795
791	K.GSVSAGSGSASSNTPAPAPQPK.A	NA	1	53.790	5.3e-005	977.98	0.4	2	'7/42	4594
792	R.QACLDEVQR.L	NA	1	20.410	0.086	559.77	0.4	2	'5/16	5107
793	K.SSMGPPQRLY.-	NA	1	17.660	0.19	568.28	0.0	2	'4/18	6974
794	R.LEDLSDSIVR.D	NA	1	28.850	0.021	573.80	0.5	2	'6/18	7767
795	R.TLDLPIYLTR.V	NA	1	8.610	0.95	602.85	0.0	2	'4/18	10236
796	K.IAAEVAAPLAK.T	NA	1	30.250	0.0029	527.32	2.4	2	'7/20	6695
797	K.ECADLWPR.I	NA	1	33.920	0.0019	523.74	0.4	2	'5/14	7759
798	K.GIDPISLDALAK.E	NA	1	21.330	0.056	606.85	0.2	2	'5/22	9731
799	K.LKPDPNTLCDEFK.A	NA	9	47.150	0.00025	526.26	0.1	3	'7/24	7847
800	K.WTNNLLPSR.Q	NA	2	44.200	0.00048	550.80	0.1	2	'6/16	7943
801	R.TLLSSSVQK.S	NA	1	40.550	0.0016	481.78	0.5	2	'6/16	5798
802	K.AFPLADAQLTAK.I	NA	1	43.000	0.00092	623.35	1.0	2	'6/22	8488
804	K.DSQGHVFATR.L	NA	1	4.260	3	559.27	1.7	2	'3/18	4827
805	R.ISIGGGSCAISGGYGSR.A	NA	1	62.470	4.6e-006	799.88	4.0	2	'10/32	7262
806	R.IEDVTPIPSDSTRR.K	NA	2	65.800	3.6e-006	529.28	0.9	3	'9/26	6299
807	K.LVNELTEFAK.T	NA	4	25.390	0.055	582.32	3.4	2	'5/18	11145
808	K.TFDSLLK.G	NA	1	28.220	0.012	412.23	1.5	2	'4/12	8049
809	K.IEDLSQQAQVAAAEK.F	NA	1	25.110	0.045	534.28	4.9	3	'6/28	6770
810	R.EMGTTDVR.I	NA	1	26.450	0.019	454.71	1.7	2	'4/14	4094
811	K.NAQLSDVASPNSKLNK.V	NA	1	18.040	0.22	562.63	1.6	3	'5/30	5731
813	K.FELGRPAANTK.L	NA	1	8.980	1.8	401.89	0.4	3	'10/20	5960
814	K.NAVSLVTGGASGLGR.A	NA	1	18.700	0.2	679.87	0.6	2	'5/28	8165
815	K.ITITNDKGR.L	NA	1	4.250	7	509.29	1.5	2	'4/16	4109
816	R.EIEFGSK.K	NA	1	14.210	0.4	405.21	1.0	2	'5/12	5802
817	K.EGEAADGEAKKEGAGDGEGAEGDEAEGEEAK.E	NA	1	5.280	0.3	748.82	5.8	4	'3/60	4291
818	K.DGSGVVEFLR.H	NA	1	43.310	0.00089	539.78	0.3	2	'6/18	9179
819	R.TTPSYVAFTESER.L	NA	1	62.260	6.8e-006	744.35	0.3	2	'8/24	7714
821	K.CTLILTEGDSAK.S	NA	1	41.800	0.00097	654.33	0.8	2	'9/22	7198
822	K.VAEIEEPSTQESDKK.A	NA	1	20.800	0.099	563.94	0.7	3	'7/28	4763
823	R.DNVDVDTDYIR.Q	NA	1	43.690	0.00028	662.80	0.7	2	'8/20	7281
824	R.TTVLEGIK.T	NA	1	37.180	0.0021	430.76	2.9	2	'5/14	6718
825	K.LLDYDETR.N	NA	1	44.650	0.00027	512.75	2.9	2	'6/14	6367
826	R.SGDGDRSGFNPSSNQR.F	NA	1	12.150	0.26	560.92	1.7	3	'5/30	4340
827	K.VANVSLLALYK.E	NA	1	67.660	7.7e-007	595.86	0.1	2	'9/20	9596
828	R.AQLLDACK.A	NA	1	23.710	0.063	459.74	2.1	2	'5/14	5594
829	R.TVGQPSSGLPQQR.V	NA	2	36.150	0.0028	677.86	1.3	2	'6/24	5125
830	K.CCTESLVNR.R	NA	2	54.860	1.6e-005	569.75	0.0	2	'8/16	5061
831	K.AAEPAEELDAADEALAAEPK.S	NA	1	4.450	3.6	1005.98	1.1	2	'4/38	9002
832	K.SNQNIQVYVR.V	NA	1	3.610	8.8	407.55	2.2	3	'4/18	6479
833	K.SSTAAVAAISPGIK.K	NA	1	54.050	4.2e-005	636.86	3.5	2	'7/26	6990
834	R.GYSFTTTAER.E	NA	1	31.120	0.0069	566.77	0.1	2	'8/18	6262
835	R.GCGIVEFKDPENVQK.A	NA	1	13.150	0.48	573.95	1.0	3	'6/28	7135
836	R.LLDPEDVDTNEPDEK.S	NA	1	7.490	0.95	864.90	1.7	2	'5/28	7214
837	R.NIKVTYF.-	NA	1	3.030	4	442.75	0.1	2	'4/12	8291
838	R.ELAQQIEEETTK.F	NA	1	22.170	0.083	709.85	5.8	2	'6/22	7326
839	R.IIDLHSPSEIVK.K	NA	1	6.570	2	450.93	0.8	3	'7/22	7917
840	R.LSEIGTSSTLR.Y	NA	1	30.990	0.011	582.32	5.1	2	'6/20	6273
842	R.LFDEDGYANVR.K	NA	1	50.530	5.3e-005	649.80	1.5	2	'9/20	7654
843	R.SCAAAGTECLISGWGNTK.S	NA	2	37.070	0.0012	941.93	0.9	2	'9/34	8655
845	K.VVQQTTQSELVNGK.S	NA	2	26.440	0.035	765.91	0.1	2	'7/26	5285
846	K.VTKCCTESLVNR.R	NA	1	54.560	5.2e-005	489.57	0.8	3	'7/22	4941
847	K.KPLPDNVSVVEPK.E	NA	1	19.450	0.15	474.61	1.8	3	'9/24	6891
848	K.ATYAAIAK.T	NA	1	44.830	0.00037	404.73	0.6	2	'6/14	4859
849	K.YTDTTPIAGR.F	NA	1	35.350	0.0032	547.78	1.4	2	'7/18	5244
850	R.SYDYASNPAPGR.Y	NA	1	40.390	0.00034	649.29	6.2	2	'7/22	5394
851	K.MGVPYCIVK.G	NA	1	11.990	0.91	533.77	0.8	2	'5/16	8035
853	R.YLAEVATGDAR.N	NA	1	39.510	0.0016	583.30	0.9	2	'8/20	6216
854	K.SATELSGPLR.S	NA	1	32.560	0.01	515.78	0.0	2	'8/18	6354
855	R.LAADDFR.L	NA	2	44.690	0.00056	404.20	2.6	2	'6/12	6070
856	R.DYVAQFEASALGK.Q	NA	1	59.890	1.2e-005	699.85	0.2	2	'9/24	9829
857	K.QEGTGAFFK.G	NA	1	9.220	0.7	492.74	0.1	2	'5/16	6830
858	K.AANQPESTIVVVGTVTDDAR.L	NA	2	38.210	0.002	681.68	0.2	3	'8/38	8642
859	K.EITALAPSTMK.I	NA	1	28.830	0.024	581.31	0.3	2	'6/20	7197
860	K.IAPGTTQSSVQGTQTVQR.K	NA	1	56.560	3.3e-005	929.99	5.9	2	'9/34	5091
861	R.LAADDFR.T	NA	2	44.690	0.00056	404.20	2.6	2	'6/12	6070
862	K.YSQTIIK.S	NA	1	8.200	0.99	426.75	0.4	2	'3/12	5515
863	R.TSGNYATVIAHNQDTK.K	NA	1	44.390	0.00036	573.95	3.4	3	'8/30	5680
864	R.QSDNDEVPALIR.Q	NA	1	25.260	0.038	678.84	1.9	2	'8/22	7794
865	K.LECYECSVCSK.F	NA	2	40.160	9.6e-005	717.79	0.8	2	'7/20	5558
866	K.EEPIDANEEEVK.V	NA	1	30.550	0.0047	701.32	0.8	2	'8/22	5583
867	K.DDPHACYSTVFDK.L	NA	3	35.800	0.00046	518.89	3.0	3	'7/24	7056
868	R.LVTESDGSVR.I	NA	1	17.980	0.26	531.77	0.1	2	'5/18	4559
869	R.DLNDSPKVEQK.A	NA	1	5.260	3.3	424.89	0.7	3	'5/20	4272
870	R.SDNAAESFDDAVEER.V	NA	1	56.710	2.5e-006	827.84	6.0	2	'10/28	7446
871	R.STSSFSCLSR.H	NA	1	20.910	0.031	566.26	2.5	2	'6/18	6047
872	K.SSNQTTGVSINK.V	NA	1	15.460	0.32	618.31	4.0	2	'4/22	4360
873	K.LLALPANTESTK.L	NA	1	40.580	0.0011	629.36	0.9	2	'6/22	7342
874	K.TVDGYLLR.V	NA	1	26.390	0.033	468.76	1.5	2	'6/14	7589
875	R.NLLSVAYK.N	NA	2	0.650	6.8	454.27	0.0	2	'5/14	7933
876	R.EIAQDFK.T	NA	1	23.400	0.059	425.72	0.4	2	'5/12	5559
877	K.VDTFTSVYK.K	NA	1	57.570	1.7e-005	530.27	3.8	2	'8/16	7047
878	K.QEAEAVLQQLNQK.L	NA	1	25.680	0.039	749.90	1.3	2	'6/24	7908
879	K.QQVVTDYEAGR.G	NA	1	30.810	0.011	633.31	0.6	2	'8/20	5517
880	K.DVAGAEALLER.H	NA	1	34.190	0.0061	572.31	3.2	2	'8/20	8623
881	K.TTVAALGITSDESR.K	NA	1	12.830	0.83	710.87	3.5	2	'5/26	7363
882	K.DLLHPLPAEEK.R	NA	1	12.590	0.68	421.23	0.6	3	'6/20	7916
883	R.LWEENEELK.N	NA	1	4.820	3.4	595.29	0.8	2	'4/16	7163
884	K.IGPLGLSPK.K	NA	1	31.820	0.0013	441.28	0.2	2	'6/16	7657
885	R.EGQFIATTPQSLISK.M	NA	1	23.590	0.057	810.44	1.4	2	'7/28	8807
886	K.LSDGCEAAIGEK.K	NA	1	68.420	1.1e-006	625.29	0.6	2	'8/22	5181
887	R.VLDELTLAR.A	NA	1	30.020	0.015	515.30	0.9	2	'5/16	8274
888	K.EEIGTLLEK.I	NA	1	25.350	0.048	516.28	1.9	2	'5/16	7815
889	R.GTGIVSAPVPK.K	NA	1	29.200	0.0063	513.30	0.6	2	'5/20	6239
890	K.NWQNVR.S	NA	1	6.980	1.7	408.71	2.0	2	'3/10	5118
891	K.AAVVGMTLPIAR.D	NA	1	28.950	0.014	599.85	1.8	2	'5/22	9123
892	R.ADLAKYICENQDSISSK.L	NA	1	3.130	4.7	647.98	3.1	3	'7/32	7958
893	R.IEDVTPIPSDSTR.R	NA	1	68.770	2e-006	715.36	0.9	2	'8/24	6799
894	R.VVVPIAMR.V	NA	1	37.480	0.0013	442.77	0.0	2	'6/14	7873
895	R.SIQIDPR.Q	NA	1	8.220	1.3	414.73	2.1	2	'4/12	5828
896	R.TILLNSEGEAVANLDR.I	NA	1	116.260	3.2e-011	857.95	2.5	2	'11/30	8862
897	R.SENTSLVESLNAAEVK.Y	NA	1	63.910	7.5e-006	845.93	1.1	2	'8/30	8427
898	K.TAGTAGSIQDSVK.H	NA	1	39.770	0.0019	617.82	1.8	2	'8/24	5015
900	R.AVGPGLISK.L	NA	1	11.900	0.37	421.26	1.3	2	'5/16	6248
901	R.EVAVESPADGIR.H	NA	1	31.160	0.0088	621.82	0.2	2	'6/22	6499
902	R.IFAPDNIVAK.S	NA	1	27.140	0.049	544.31	0.3	2	'7/18	7842
903	K.EEAAATTAAAAAATTTSA.-	NA	1	7.650	2.8	790.38	5.2	2	'6/34	6645
904	R.EVATNSELVQSGK.S	NA	1	62.240	1e-005	681.35	1.5	2	'9/24	5216
905	K.GCEVVVSGK.L	NA	1	34.570	0.0072	467.74	7.0	2	'6/16	4297
906	K.EITALAPSTMK.I	0.00000000010.0	3	40.100	0.0016	589.31	1.4	2	'8/20	6488
907	K.EISFVPGLYK.I	NA	1	14.660	0.36	576.82	4.2	2	'4/18	9549
908	R.SVLALASDPK.Q	NA	1	30.680	0.014	500.79	5.4	2	'6/18	7232
909	R.VLDELTLAR.T	NA	2	30.020	0.015	515.30	0.9	2	'5/16	8274
910	R.ILACISSRPGQCGR.S	NA	1	12.120	0.98	525.60	1.1	3	'5/26	6293
1219	NA	NA	NA	NA	NA	NA	NA	NA	NA	#		Serial (sequential) number for peptide.
